000000000
110001100
110011190
110021190
110031190
110041190
110051190
110061190
110071190
120001200
120011290
120021290
120031290
130001300
130011301
130021301
130031301
130041301
130051301
130061301
130071301
130081301
130091301
140001400
140011490
140021490
150001500
150011590
150021590
150031590
150041590
150061590
150071590
150081590
150091590
150101590
150111590
150121590
150131590
150141590
160001600
160011690
160021690
160031690
170001700
170011790
170021790
170031790
170041790
170051790
170061790
170071790
170081790
210002100
210012104
210022106
210032108
210042105
210052102
210062101
210072106
210082104
210092101
210102106
210112103
210122105
210132101
210142107
210152105
210162101
210172102
210182103
210192107
220002200
220012202
220022206
220032202
220042203
220052201
220062205
220072203
220082204
220092204
220102204
220112203
230002300
230012301
230022301
230032301
230042301
230052304
230062301
230072305
230082304
230092305
230102305
230112302
230122302
230132302
230142304
230152302
230162302
230172303
230182303
230192303
230202303
230212303
230222301
240002400
240012490
240022490
240032490
240042490
240052490
240062490
240072490
240082490
250002500
250012590
250022590
250032590
250042590
250052590
250062590
250072590
250082590
250092590
250102590
250112590
250122590
250132590
250142590
250152590
250162590
260002600
260012603
260022603
260032602
260042602
260052601
260062601
260072604
260082601
260092604
260102601
260112604
260122603
270002700
270012701
270022701
270032701
270042701
270052701
270062701
270072702
270082702
270092702
270102702
280002800
280012890
280022890
280032890
280042890
280052890
280062890
280072890
290002900
290012905
290022907
290032908
290042904
290052904
290062901
290072908
290082907
290092909
290102902
290112901
290122909
290132908
290142902
290152909
290162906
290172906
290182903
290192905
290202904
290212907
290222904
290232901
290242906
290252901
290262903
290272909
290282908
310003100
310013111
310023107
310033101
310043111
310053111
310063112
310073102
310083103
310093103
310103105
310113108
310123107
310133106
310143102
310153103
310163108
310173106
310183103
310193104
310203105
310213105
310223108
310233112
310243106
310253103
310263101
310273106
310283103
310293101
310303111
310313105
310323113
310333108
310343108
310353103
310363109
310373107
310383101
310393107
310403108
310413110
310423106
310433104
310443108
310453107
310463111
310473103
310483111
310493105
310503101
310513109
310523113
310533111
310543108
310553101
310563110
310573101
310583106
310593108
310603106
310613105
310623107
310633102
310643107
310653101
310663101
310673103
310683111
310693101
310703101
310713107
310723112
310733113
310743109
310753101
310763103
310773110
320003200
320013290
320023290
320033290
320043290
330003300
330013390
330023390
330033390
330043390
330053390
330063390
330073390
330083390
330093390
350003500
350113502
350123503
350133504
350143505
350153501
350163506
350213512
350223512
350233512
350313513
350323513
350333513
350343513
350413507
350513513
350523513
350613509
350623509
350633509
350643509
350653509
350713516
350723515
350733516
350743515
350813513
350823513
350833513
350913510
350923510
350933510
350943510
350953510
351013514
351023514
351033514
351043514
351113511
351123511
351133511
351143511
351153511
351213507
351313513
351323513
351333513
351413515
351423515
351433515
351513512
351523512
351533512
351543512
351553512
351563512
351573512
351613508
351623508
351633508
351713517
351723517
351733517
351743517
410004100
410014101
410024101
410034101
410044101
410054101
410064101
410074103
410084103
410094103
410104103
410114104
410124104
410134104
410144104
410154104
410164102
410174102
410184102
410194102
410204103
410214101
410224102
420004200
420014201
420024201
420034201
420044203
420054204
420064203
420074205
420084202
420094202
420104202
420114207
420124208
420134209
420144206
420154206
420164206
430004300
430014301
430024301
430034301
430044302
430054302
430064302
430074302
430084302
430094302
430104302
430114303
430124303
430134303
430144303
430154304
430164304
430174304
430184304
430194304
430204304
430214306
430224306
430234305
430244305
430254305
430264305
430274307
430284307
430294307
430304307
500005000
500015090
500025090
500035090
500045090
510005100
510015190
510025190
510035190
510045190
510055190
510065190
510075190
510085190
510095190
510105190
510115190
510125190
510135190
510145190
510155190
510165190
520005200
520015201
520025205
520035202
520045202
520055205
520065202
520075202
520085203
520095201
520105201
520115203
520125201
520135203
520145203
520155204
520165204
520175205
520185203
529805298
530015301
