0000000000
1100001100
1100011102
1100021104
1100031103
1100041102
1100051103
1100061103
1100071103
1100081101
1100091102
1100101104
1100111101
1100121101
1100131104
1100141102
1100151101
1100181102
1100201104
1100251101
1100261104
1100281102
1100291102
1100301103
1100321101
1100331104
1100341101
1100371102
1100401104
1100451104
1100501102
1100601104
1100701104
1100801104
1100901102
1100921103
1100941104
1101001101
1101101104
1101201102
1101301101
1101401104
1101431101
1101451102
1101461103
1101471102
1101481102
1101491101
1101501101
1101551101
1101601101
1101701101
1101751104
1101801101
1200001200
1200011290
1200051290
1200101290
1200131290
1200171290
1200201290
1200251290
1200301290
1200321290
1200331290
1200341290
1200351290
1200381290
1200391290
1200401290
1200421290
1200431290
1200451290
1200501290
1200601290
1200701290
1200801290
1300001300
1300021390
1300061390
1300081390
1300101390
1300141390
1300201390
1300301390
1300401390
1300501390
1300601390
1300631390
1300681390
1300701390
1300801390
1300831390
1300901390
1301001390
1301101390
1301151390
1301201390
1301301390
1301401390
1301501390
1301601390
1301651390
1301701390
1301801390
1301851390
1301901390
1301951390
1302001390
1302101390
1302201390
1302301390
1302401390
1302501390
1302551390
1302601390
1302701390
1302801390
1302901390
1303001390
1303101390
1303201390
1303301390
1303401390
1303501390
1303531390
1303561390
1303601390
1303701390
1303801390
1303901390
1303951390
1304001390
1304061390
1304101390
1304201390
1304231390
1304261390
1304301390
1304401390
1400001400
1400021490
1400051490
1400101490
1400151490
1400171490
1400201490
1400231490
1400281490
1400301490
1400401490
1400451490
1400471490
1400501490
1400601490
1400701490
1500001500
1500101590
1500131590
1500201590
1500301590
1500341590
1500401590
1500501590
1500601590
1500701590
1500801590
1500851590
1500901590
1500951590
1501001590
1501101590
1501201590
1501251590
1501301590
1501401590
1501451590
1501501590
1501571590
1501601590
1501701590
1501721590
1501751590
1501781590
1501801590
1501901590
1501951590
1502001590
1502101590
1502151590
1502201590
1502301590
1502401590
1502501590
1502601590
1502701590
1502751590
1502761590
1502771590
1502801590
1502851590
1502901590
1502931590
1502951590
1503001590
1503041590
1503071590
1503091590
1503101590
1503201590
1503301590
1503401590
1503451590
1503501590
1503601590
1503701590
1503751590
1503801590
1503901590
1504001590
1504051590
1504101590
1504201590
1504301590
1504401590
1504421590
1504451590
1504501590
1504601590
1504701590
1504751590
1504801590
1504901590
1504951590
1504971590
1505001590
1505031590
1505061590
1505101590
1505201590
1505301590
1505401590
1505431590
1505481590
1505491590
1505501590
1505531590
1505551590
1505601590
1505631590
1505651590
1505701590
1505801590
1505901590
1506001590
1506101590
1506111590
1506131590
1506161590
1506181590
1506191590
1506201590
1506301590
1506351590
1506401590
1506501590
1506551590
1506581590
1506601590
1506701590
1506801590
1506901590
1507001590
1507101590
1507151590
1507201590
1507301590
1507401590
1507451590
1507461590
1507471590
1507501590
1507601590
1507701590
1507751590
1507801590
1507901590
1507951590
1507961590
1507971590
1508001590
1508031590
1508051590
1508081590
1508101590
1508121590
1508151590
1508201590
1508301590
1508351590
1508401590
1600001600
1600051601
1600101602
1600151601
1600201602
1600211601
1600231601
1600251601
1600271601
1600301601
1600401601
1600501601
1600531601
1600551602
1600601601
1600701602
1600801601
1700001700
1700251790
1700301790
1700351790
1700401790
1700701790
1701001790
1701051790
1701101790
1701301790
1701901790
1702001790
1702101790
1702151790
1702201790
1702301790
1702401790
1702551790
1702701790
1702901790
1703001790
1703051790
1703071790
1703101790
1703201790
1703301790
1703601790
1703701790
1703801790
1703821790
1703841790
1703861790
1703881790
1703891790
1703901790
1704101790
1704601790
1705101790
1705501790
1705551790
1705601790
1706001790
1706101790
1706251790
1706501790
1707001790
1707101790
1707201790
1707301790
1707401790
1707551790
1707651790
1707701790
1708201790
1708251790
1708301790
1709001790
1709301790
1709501790
1709801790
1710501790
1710701790
1710901790
1711101790
1711501790
1711801790
1711901790
1711951790
1712001790
1712151790
1712401790
1712451790
1712501790
1712701790
1712801790
1713201790
1713301790
1713601790
1713701790
1713801790
1713951790
1714201790
1714301790
1714881790
1715001790
1715101790
1715151790
1715251790
1715501790
1715701790
1715751790
1716101790
1716201790
1716301790
1716501790
1716601790
1716651790
1716701790
1717001790
1717201790
1717501790
1717801790
1717901790
1718001790
1718201790
1718301790
1718401790
1718451790
1718501790
1718551790
1718651790
1718701790
1718751790
1718801790
1718841790
1718861790
1718881790
1718891790
1718901790
1719001790
1720001790
1720101790
1720151790
1720201790
1720251790
1720301790
1720491790
1720651790
1720801790
1720851790
1720901790
1720931790
1720971790
1721001790
1721101790
1721201790
1721251790
1721301790
1722081790
1722101790
2100002100
2100052190
2100102190
2100152190
2100202190
2100302190
2100402190
2100432190
2100472190
2100502190
2100552190
2100602190
2100702190
2100802190
2100832190
2100872190
2100902190
2100952190
2101002190
2101102190
2101202190
2101252190
2101302190
2101352190
2101402190
2101502190
2101602190
2101702190
2101732190
2101772190
2101802190
2101902190
2101932190
2101972190
2102002190
2102032190
2102072190
2102102190
2102152190
2102202190
2102302190
2102322190
2102352190
2102372190
2102402190
2102502190
2102552190
2102602190
2102702190
2102752190
2102802190
2102902190
2103002190
2103102190
2103122190
2103152190
2103172190
2103202190
2103252190
2103302190
2103402190
2103502190
2103552190
2103602190
2103702190
2103752190
2103802190
2103902190
2104002190
2104052190
2104072190
2104082190
2104092190
2104102190
2104202190
2104302190
2104402190
2104502190
2104552190
2104602190
2104622190
2104652190
2104672190
2104702190
2104802190
2104902190
2105002190
2105102190
2105152190
2105202190
2105302190
2105352190
2105402190
2105422190
2105452190
2105472190
2105502190
2105602190
2105652190
2105702190
2105802190
2105902190
2105922190
2105942190
2105962190
2105982190
2106002190
2106102190
2106202190
2106302190
2106322190
2106352190
2106372190
2106402190
2106502190
2106602190
2106632190
2106672190
2106702190
2106752190
2106802190
2106902190
2107002190
2107102190
2107202190
2107252190
2107302190
2107352190
2107402190
2107452190
2107502190
2107602190
2107702190
2107802190
2107902190
2108002190
2108052190
2108102190
2108202190
2108252190
2108302190
2108402190
2108452190
2108502190
2108602190
2108702190
2108802190
2108902190
2109002190
2109052190
2109102190
2109202190
2109232190
2109272190
2109302190
2109402190
2109452190
2109502190
2109552190
2109602190
2109702190
2109752190
2109802190
2109902190
2110002190
2110032190
2110102190
2110202190
2110232190
2110272190
2110302190
2110402190
2110502190
2110602190
2110652190
2110702190
2110802190
2110852190
2110902190
2111002190
2111022190
2111052190
2111072190
2111102190
2111202190
2111252190
2111302190
2111402190
2111502190
2111532190
2111572190
2111602190
2111632190
2111672190
2111702190
2111722190
2111742190
2111762190
2111782190
2111802190
2111902190
2111952190
2112002190
2112102190
2112202190
2112232190
2112272190
2112302190
2112402190
2112452190
2112502190
2112602190
2112702190
2112802190
2112852190
2112902190
2113002190
2114002190
2200002200
2200052209
2200102204
2200202204
2200252209
2200272209
2200302204
2200402204
2200452213
2200502204
2200602204
2200702212
2200802215
2200902207
2200952209
2201002210
2201052205
2201102213
2201152215
2201172207
2201202203
2201302213
2201402204
2201502203
2201552208
2201572209
2201602204
2201702210
2201732209
2201772205
2201802209
2201902213
2201912201
2201922212
2201942205
2201962203
2201982210
2202002201
2202022205
2202052205
2202072208
2202082201
2202092209
2202102208
2202112212
2202132209
2202172203
2202202205
2202252210
2202302210
2202402205
2202452212
2202502212
2202532201
2202552209
2202602205
2202652201
2202702201
2202712205
2202722201
2202732204
2202752213
2202772208
2202802208
2202852212
2202902213
2203002213
2203102213
2203202213
2203232213
2203252204
2203272209
2203302204
2203352212
2203402209
2203422203
2203452212
2203502207
2203602213
2203702203
2203752212
2203802210
2203852208
2203902210
2204002207
2204102210
2204152209
2204202209
2204302209
2204352209
2204402213
2204502210
2204552212
2204602204
2204652201
2204702207
2204802209
2204902208
2205002209
2205102210
2205152209
2205202209
2205252204
2205272205
2205302210
2205352212
2205402203
2205452203
2205502204
2205512205
2205522213
2205532212
2205542204
2205552204
2205562212
2205572203
2205582204
2205592207
2205602210
2205702201
2205802203
2205852203
2205902210
2205952209
2206002210
2206052209
2206102203
2206202204
2206302204
2206352203
2206402204
2206502209
2206602213
2206652213
2206672203
2206692201
2206702210
2206722204
2206752205
2206802203
2206902207
2206952205
2207002208
2207102204
2207202209
2207302210
2207352210
2207402213
2207502204
2207552209
2207602213
2207702201
2207752204
2207772209
2207792204
2207802209
2207852210
2207902203
2207932210
2207952210
2208002209
2208102207
2208202209
2208302203
2208402203
2208502203
2208552210
2208602207
2208652209
2208702213
2208802204
2208852213
2208872210
2208902215
2209002210
2209102209
2209152207
2209202213
2209302213
2209352209
2209372208
2209402209
2209452204
2209502208
2209552212
2209602207
2209652208
2209702210
2209752213
2209802204
2209852209
2209872203
2209902205
2209952208
2209972203
2210002212
2210052203
2210102210
2210202209
2210302209
2210352212
2210372209
2210382207
2210392210
2210402205
2210502204
2210602212
2210622213
2210632215
2210652205
2210702209
2210802208
2210902210
2210932209
2210952210
2210972208
2211002204
2211102204
2211202215
2211302207
2211352212
2211402207
2211502209
2211602209
2211702209
2300002300
2300102319
2300152303
2300202312
2300302318
2300402314
2300502311
2300602320
2300702310
2300752306
2300802320
2300902302
2301002301
2301102307
2301202304
2301252315
2301302320
2301402304
2301502314
2301602320
2301702319
2301802317
2301852308
2301902321
2301952303
2302002319
2302052316
2302102304
2302202301
2302302312
2302402305
2302502319
2302602316
2302702320
2302802305
2302902304
2303002305
2303102311
2303202321
2303302318
2303402313
2303502301
2303602318
2303652311
2303702302
2303802317
2303902316
2303932308
2303952301
2304002311
2304102315
2304202320
2304232313
2304252312
2304262318
2304272310
2304282301
2304302320
2304352311
2304402301
2304452307
2304502311
2304602302
2304652311
2304702316
2304802321
2304902311
2304952303
2305002313
2305102304
2305202311
2305232301
2305262308
2305302313
2305332308
2305352307
2305402317
2305502318
2305602315
2305652315
2305702317
2305802311
2305902315
2306002310
2306102311
2306202307
2306252301
2306302302
2306402306
2306502304
2306552312
2306602305
2306702309
2306802310
2306902310
2307002309
2307102321
2307202319
2307252312
2307302321
2307402318
2307502317
2307602310
2307632305
2307652303
2307702303
2307802312
2307902316
2308002311
2308102319
2308202311
2308302319
2308352308
2308372306
2308402321
2308502318
2308602315
2308702309
2308802311
2308902312
2309002311
2309102304
2309202320
2309302315
2309402315
2309452301
2309502317
2309602301
2309702303
2309802304
2309902311
2310002309
2310102303
2310202302
2310252302
2310302314
2310402305
2310502308
2310602319
2310702302
2310802310
2310852301
2310902318
2310952311
2311002315
2311102319
2311202320
2311232310
2311262315
2311302308
2311352318
2311402308
2311502310
2311602303
2311702311
2311802309
2311902318
2311952320
2312002311
2312102320
2312202311
2312302313
2312402302
2312502310
2312602302
2312702308
2312802311
2312902311
2313002308
2313102310
2313202315
2313252320
2313302314
2313352302
2313402313
2313502306
2313552306
2313602313
2313702317
2313752306
2313802306
2313902311
2313952311
2314002320
2314102313
2400002400
2400102490
2400202490
2400302490
2400402490
2400502490
2400602490
2400702490
2400802490
2400902490
2401002490
2401102490
2401202490
2401302490
2401402490
2401452490
2401502490
2401602490
2401652490
2401702490
2401802490
2401852490
2401902490
2402002490
2402102490
2402202490
2402302490
2402402490
2402502490
2402602490
2402702490
2402802490
2402902490
2403002490
2403102490
2403202490
2403252490
2403302490
2403402490
2403502490
2403602490
2403702490
2403752490
2403802490
2403902490
2404002490
2404102490
2404202490
2404302490
2404402490
2404502490
2404602490
2404702490
2404802490
2404852490
2404902490
2405002490
2405102490
2405202490
2405302490
2405402490
2405502490
2405602490
2405702490
2405802490
2405902490
2406002490
2406102490
2406152490
2406202490
2406302490
2406402490
2406502490
2406602490
2406702490
2406802490
2406902490
2407002490
2407102490
2407202490
2407252490
2407302490
2407402490
2407502490
2407602490
2407702490
2407802490
2407902490
2408002490
2408102490
2408202490
2408302490
2408402490
2408502490
2408602490
2408702490
2408802490
2408902490
2408952490
2409102490
2409202490
2409302490
2409332490
2409402490
2409502490
2409602490
2409702490
2409802490
2409902490
2410002490
2410102490
2410202490
2410252490
2410302490
2410402490
2410502490
2410602490
2410702490
2410802490
2410902490
2411002490
2411052490
2411102490
2411202490
2411402490
2411422490
2411502490
2411602490
2411702490
2411802490
2411902490
2412002490
2412102490
2412202490
2412302490
2412402490
2412502490
2412552490
2412602490
2412702490
2412802490
2412902490
2413002490
2413102490
2413202490
2413302490
2413352490
2413402490
2413502490
2413552490
2413602490
2413702490
2413802490
2413902490
2414002490
2414102490
2414152490
2414202490
2414302490
2414402490
2414452490
2414502490
2414602490
2414702490
2414752490
2414802490
2414902490
2415002490
2500002500
2500102511
2500202507
2500302503
2500402503
2500502502
2500532503
2500572503
2500602501
2500702509
2500732505
2500772510
2500802502
2500902503
2501002502
2501102503
2501152506
2501202503
2501302503
2501352503
2501402501
2501502502
2501532504
2501572503
2501602504
2501702503
2501802501
2501902502
2502002508
2502052509
2502102507
2502152503
2502202509
2502302508
2502402509
2502502503
2502602507
2502702502
2502802508
2502902508
2503002501
2503102503
2503202501
2503302509
2503402506
2503502502
2503552506
2503602502
2503702509
2503752510
2503802512
2503902505
2504002503
2504032501
2504072505
2504102509
2504152502
2504202506
2504302508
2504352503
2504402507
2504502506
2504602501
2504702505
2504802507
2504852505
2504902501
2505002504
2505102504
2505202502
2505232501
2505272501
2505302507
2505352504
2505402506
2505502506
2505602507
2505702502
2505802502
2505902506
2506002503
2506102503
2506202504
2506252503
2506302502
2506402512
2506502503
2506602507
2506702511
2506802512
2506902512
2507002507
2507102501
2507202512
2507302501
2507402508
2507502501
2507602512
2507702503
2507802506
2507902512
2508002511
2508102510
2508202502
2508302503
2508402510
2508502503
2508552502
2508602501
2508702506
2508802506
2508902501
2509002511
2509052501
2509102501
2509152510
2509202503
2509302501
2509332503
2509372508
2509392506
2509402512
2509502503
2509602509
2509702505
2509802502
2509902503
2510002510
2510102504
2510202507
2510302504
2510402507
2510502503
2510602505
2510652505
2510702506
2510802506
2510902510
2511002507
2511102504
2511202512
2511302507
2511402504
2511502512
2511602502
2511702502
2511802502
2511902501
2512002503
2512032509
2512072509
2512102510
2512202505
2512302511
2512402503
2512502503
2512602506
2512702503
2512722501
2512742502
2512752512
2512762501
2512782503
2512802508
2512902501
2513002506
2513102512
2513152503
2513202510
2513302509
2513352507
2513402506
2513502507
2513602507
2513652509
2513702501
2513802506
2513852503
2513902508
2513922510
2513942503
2513962510
2513982510
2514002505
2514102505
2514202510
2514302507
2514402506
2514452512
2514502509
2514552511
2514602506
2514652508
2514702506
2514802505
2514902506
2515002512
2515102503
2515202505
2515302501
2515402504
2515502505
2515602502
2515702507
2515802503
2515902502
2515932502
2515972501
2516002502
2516102503
2516152504
2516202510
2516302505
2516402502
2516502503
2516602511
2516702506
2516752503
2516802509
2516902509
2517002503
2517102506
2517202510
2517402505
2600002600
2600052601
2600102610
2600202608
2600302604
2600402603
2600502605
2600602604
2600702612
2600802604
2600902603
2601002605
2601052601
2601102609
2601202606
2601302604
2601402603
2601502603
2601602607
2601702604
2601802611
2601902604
2602002609
2602102605
2602202602
2602302604
2602402605
2602502610
2602602604
2602702602
2602802606
2602902601
2603002608
2603102604
2603202605
2603302605
2603402611
2603452601
2603502604
2603602612
2603702605
2603802605
2603902610
2603922611
2604002602
2604102604
2604152602
2604202603
2604302607
2604402601
2604502601
2604602612
2604702605
2604802603
2604902602
2605002604
2605102606
2605152608
2605202603
2605302609
2605402602
2605452601
2605502612
2605602611
2605702611
2605802604
2605902603
2606002605
2606102601
2606202612
2606302609
2606402604
2606502605
2606602606
2606702604
2606802601
2606902610
2607002606
2607102610
2607202601
2607302609
2607402611
2607502605
2607602601
2607652612
2607702610
2607752601
2607802612
2607902601
2607952603
2608002604
2608052606
2608102602
2608202603
2608252605
2608302605
2608402604
2608452602
2608502602
2608602605
2608702603
2608752608
2608802605
2608902602
2609002612
2609102602
2609152606
2609202603
2609302607
2609402601
2609502602
2609602601
2609702602
2609802608
2609902609
2610002603
2610102605
2610202604
2610302605
2610402609
2610502602
2610602602
2610702601
2610802606
2610902604
2611002606
2611102608
2611202604
2611302601
2611402603
2611502603
2611532610
2611602601
2611702604
2611802603
2611902603
2612002604
2612102602
2612202607
2612302605
2612402604
2612452609
2612472611
2612502604
2612552609
2612602608
2612702604
2612802610
2612902603
2613002604
2613102604
2613202605
2613302604
2613402603
2613502611
2613602610
2613702601
2613802612
2613902611
2614002607
2614102606
2614202603
2614302609
2614402610
2614502602
2614602610
2614702604
2614802606
2614852603
2615002604
2615102605
2615202607
2615302612
2615402604
2615502602
2615602609
2615702611
2615802606
2615902610
2616002606
2616102607
2616182602
2616202604
2616302602
2616402601
2616502603
2700002700
2700102790
2700202790
2700302790
2700402790
2700502790
2700602790
2700702790
2700802790
2700902790
2701002790
2701102790
2701202790
2701302790
2701352790
2701402790
2701502790
2701602790
2701702790
2701802790
2701902790
2702002790
2702102790
2702202790
2702302790
2702352790
2702402790
2702502790
2702552790
2702602790
2702702790
2702802790
2702902790
2703002790
2703102790
2703202790
2703302790
2703402790
2703502790
2703602790
2703702790
2703752790
2703802790
2703902790
2704002790
2704102790
2704202790
2704302790
2704402790
2704502790
2704602790
2704702790
2704802790
2704902790
2705002790
2705102790
2705202790
2705302790
2705402790
2705502790
2705602790
2705702790
2705802790
2705902790
2706002790
2706102790
2706202790
2706302790
2706402790
2706422790
2706442790
2706502790
2706602790
2706702790
2706802790
2706902790
2707002790
2707102790
2707202790
2707302790
2707402790
2707502790
2707602790
2707702790
2707802790
2707902790
2708002790
2708102790
2708202790
2708302790
2708402790
2708502790
2708602790
2708702790
2708802790
2708902790
2708952790
2709002790
2709102790
2709152790
2709202790
2709302790
2709402790
2800002800
2800102890
2800202890
2800302890
2800402890
2800502890
2800602890
2800672890
2800702890
2801002890
2801102890
2801202890
2801302890
2801402890
2801502890
2801602890
2801702890
2801902890
2802002890
2802102890
2802202890
2802302890
2802402890
2802502890
2802602890
2802702890
2802802890
2802902890
2803002890
2803102890
2803202890
2803302890
2803402890
2803502890
2803602890
2803702890
2803802890
2803902890
2804002890
2804102890
2804202890
2804302890
2804402890
2804452890
2804502890
2804602890
2804702890
2804802890
2804902890
2805002890
2805102890
2805202890
2805302890
2805402890
2805502890
2805602890
2805702890
2805802890
2805902890
2806002890
2806102890
2806202890
2806302890
2806402890
2806502890
2806602890
2806702890
2806802890
2806902890
2807002890
2807102890
2807202890
2807302890
2807402890
2807502890
2807602890
2900002900
2900102927
2900202910
2900302903
2900352911
2900402912
2900502923
2900602913
2900702903
2900802909
2900902907
2901002929
2901102902
2901152921
2901202920
2901302918
2901352928
2901402925
2901502902
2901602911
2901702902
2901802928
2901902903
2901952913
2902002919
2902052903
2902102912
2902202903
2902252906
2902302904
2902402907
2902502925
2902602917
2902652911
2902702922
2902802919
2902902920
2903002921
2903102913
2903202925
2903232921
2903272912
2903302907
2903402908
2903502920
2903602912
2903702913
2903802918
2903902926
2903952920
2904002927
2904052918
2904102923
2904202923
2904302913
2904402925
2904502922
2904602919
2904702907
2904752922
2904802914
2904852931
2904902931
2905002924
2905102916
2905152920
2905202924
2905302921
2905402905
2905502916
2905602907
2905702901
2905802905
2905902915
2906002928
2906102926
2906202921
2906302906
2906402902
2906502901
2906602930
2906702920
2906802912
2906822915
2906852917
2906872916
2906892920
2906902909
2907002903
2907102930
2907202915
2907302904
2907402925
2907502903
2907552923
2907602921
2907702910
2907802911
2907902911
2908002907
2908102926
2908202931
2908302904
2908402912
2908502902
2908602901
2908702920
2908802919
2908902902
2909002920
2909102926
2909202911
2909302926
2909402925
2909502913
2909602903
2909702925
2909802931
2909902915
2910002913
2910052901
2910102919
2910202904
2910302929
2910402920
2910502903
2910602903
2910702912
2910722908
2910752911
2910772926
2910802902
2910852928
2910902914
2911002907
2911102925
2911202905
2911252917
2911302921
2911402910
2911502907
2911602931
2911652919
2911702930
2911802908
2911852911
2911902918
2912002924
2912102907
2912202919
2912302914
2912402921
2912502923
2912602918
2912702907
2912802909
2912902913
2913002927
2913102921
2913202922
2913302902
2913402924
2913452905
2913502914
2913602906
2913702903
2913802902
2913902913
2914002902
2914102922
2914202913
2914302913
2914402927
2914502902
2914602921
2914652908
2914702918
2914802907
2914902906
2915002918
2915102913
2915202913
2915302908
2915352921
2915402907
2915502907
2915602909
2915702913
2915802914
2915902903
2916002909
2916102901
2916202907
2916302908
2916402914
2916502903
2916602907
2916702913
2916802914
2916852929
2916902913
2917002928
2917102914
2917202919
2917302905
2917332930
2917352926
2917402924
2917502916
2917602913
2917702928
2917802904
2917902903
2918002913
2918102910
2918202929
2918302913
2918352921
2918402915
2918452909
2918502921
2918552907
2918602919
2918702913
2918752924
2918802929
2918902909
2919002918
2919052913
2919102912
2919152921
2919202901
2919302927
2919402924
2919502919
2919552925
2919602918
2919702914
2919802923
2919902910
2919922901
2919952920
2920002914
2920102916
2920202930
2920302919
2920402913
2920452925
2920502913
2920602931
2920702907
2920802918
2920902906
2921002901
2921052930
2921102909
2921202916
2921302929
2921402916
2921452920
2921502912
2921602922
2921702916
2921802924
2921902927
2922002909
2922052921
2922102917
2922202904
2922252922
2922302931
2922402929
2922502904
2922602905
2922652912
2922702914
2922732917
2922752905
2922802929
2922852918
2922902911
2923002909
2923032927
2923052911
2923102911
2923202922
2923302903
2923352916
2923402930
2923502927
2923602923
2923702922
2923802911
2923902907
2924002910
2924052917
2924102903
2924202910
2924302927
2924402915
2924502930
2924602928
2924652902
2924672905
2924702920
2924802916
2924902913
2925002920
2925102920
2925202901
2925252928
2925302908
2925402914
2925502909
2925602921
2925702920
2925752904
2925802912
2925902912
2925932916
2925952902
2926002915
2926102912
2926202925
2926302902
2926402924
2926502911
2926602911
2926652920
2926702919
2926802924
2926902923
2927002903
2927102910
2927202918
2927302904
2927402901
2927502902
2927602910
2927702908
2927802907
2927902913
2928002912
2928052906
2928102926
2928202926
2928302902
2928402925
2928502904
2928602901
2928702904
2928802902
2928902925
2928952912
2929002931
2929052926
2929102904
2929202901
2929252921
2929302902
2929352907
2929372916
2929402929
2929502901
2929602931
2929702903
2929752901
2929802916
2929902927
2930002930
2930102928
2930152926
2930202915
2930302926
2930402902
2930502912
2930602916
2930702901
2930752926
2930762911
2930772915
2930802927
2930902925
2931002919
2931052924
2931102902
2931202905
2931302916
2931352909
2931402902
2931502912
2931602905
2931702902
2931802920
2931902912
2932002915
2932102929
2932202907
2932302907
2932402921
2932452916
2932502906
2932602930
2932702906
2932802918
2932902905
2933002912
2933052916
2933102916
2933152916
2933172904
2933202901
2933252909
2933302920
2933402918
2933452925
2933502905
2933602921
3100003100
3100103112
3100203114
3100303124
3100403108
3100503123
3100603116
3100703113
3100803115
3100903117
3101003119
3101103116
3101203111
3101303111
3101403110
3101503127
3101603121
3101633103
3101703119
3101803116
3101903122
3102003121
3102053124
3102103103
3102203116
3102303108
3102403104
3102503108
3102603110
3102703119
3102803105
3102853117
3102903103
3103003123
3103103118
3103203114
3103303105
3103403104
3103503112
3103603105
3103703108
3103753112
3103803107
3103903115
3104003113
3104103121
3104203115
3104303121
3104403127
3104453104
3104503126
3104603127
3104703117
3104803114
3104903111
3105003114
3105103115
3105203119
3105303121
3105403109
3105503118
3105603103
3105703108
3105903120
3106003109
3106103105
3106203101
3106303123
3106403101
3106503104
3106603117
3106653106
3106703101
3106803105
3106903105
3107003114
3107103111
3107203105
3107303106
3107403115
3107503105
3107603122
3107703109
3107803123
3107903110
3108003120
3108103101
3108203126
3108253129
3108303110
3108403121
3108503106
3108553107
3108603129
3108703118
3108803123
3108903110
3109003101
3109103110
3109203114
3109253123
3109303126
3109403128
3109453126
3109503121
3109603114
3109703110
3109803125
3109903114
3110003101
3110103124
3110203108
3110303110
3110403115
3110503110
3110603110
3110703111
3110803117
3110903111
3111003121
3111103125
3111153129
3111203115
3111303121
3111403113
3111503113
3111603121
3111703108
3111803125
3111903115
3112003115
3112053116
3112103124
3112203103
3112303104
3112403122
3112503114
3112603125
3112653116
3112703106
3112803122
3112903124
3113003117
3113103103
3113203103
3113303124
3113403123
3113503104
3113603110
3113703117
3113803109
3113903111
3114003115
3114103111
3114203115
3114303107
3114403121
3114503115
3114553113
3114603111
3114703121
3114803111
3114903103
3115003112
3115103122
3115203120
3115303127
3115353109
3115403103
3115453117
3115473106
3115503111
3115603114
3115703116
3115803125
3115903105
3116003124
3116103104
3116153126
3116203105
3116303103
3116403122
3116503106
3116603115
3116703118
3116803104
3116903113
3117003119
3117103121
3117203110
3117303113
3117403124
3117503101
3117603115
3117703111
3117803110
3117833129
3117873101
3117903110
3118003103
3118103104
3118203113
3118303103
3118403116
3118503110
3118603101
3118703111
3118803106
3118903114
3119003111
3119103114
3119203116
3119303112
3119403123
3119503104
3119603105
3119703120
3119803115
3119903110
3119953115
3120003123
3120103104
3120153117
3120203115
3120303106
3120403103
3120503111
3120603101
3120703107
3120803111
3120833116
3120873106
3120903114
3121003104
3121103110
3121203122
3121253113
3121303105
3121403120
3121503103
3121603104
3121703108
3121803123
3121903118
3122003124
3122103116
3122203116
3122303115
3122353119
3122403121
3122453119
3122473126
3122503123
3122603109
3122703108
3122803111
3122903127
3123003120
3123103109
3123203115
3123303118
3123403122
3123503112
3123523124
3123603111
3123703116
3123803106
3123853123
3123903120
3124003118
3124103101
3124203124
3124303106
3124403110
3124503110
3124603127
3124703115
3124803112
3124903118
3125003105
3125103110
3125203121
3125303124
3125403104
3125503104
3125603119
3125703114
3125803116
3125903109
3125953124
3126003101
3126103115
3126203126
3126303122
3126403114
3126503104
3126603106
3126703106
3126753117
3126803117
3126903116
3126953116
3127003113
3127053117
3127073106
3127103113
3127203114
3127303116
3127333106
3127353106
3127373116
3127383105
3127403110
3127503116
3127603104
3127703116
3127803106
3127903112
3128003109
3128103122
3128203108
3128253106
3128303121
3128403118
3128503105
3128603107
3128703121
3128803118
3128903107
3129003118
3129103125
3129203110
3129303123
3129403103
3129503113
3129603128
3129653129
3129703122
3129803101
3129903110
3130003120
3130053129
3130103101
3130203115
3130303115
3130403111
3130503111
3130553123
3130603110
3130653106
3130703112
3130803111
3130903123
3131003114
3131103114
3131153123
3131203124
3131303123
3131403125
3131503110
3131603112
3131703109
3131803116
3131903101
3132003106
3132103129
3132203115
3132303117
3132403110
3132503104
3132603127
3132703117
3132803109
3132903122
3133003111
3133103111
3133203116
3133303119
3133403113
3133503115
3133603110
3133703115
3133753122
3133803115
3133903103
3134003119
3134103116
3134203125
3134303111
3134403113
3134503111
3134603101
3134703119
3134803122
3134903110
3135003123
3135053106
3135073116
3135103106
3135203129
3135303115
3135353129
3135403103
3135453104
3135503108
3135603106
3135703114
3135803119
3135903111
3136003119
3136103123
3136203109
3136303107
3136403106
3136503119
3136523104
3136553116
3136573106
3136603101
3136653101
3136703105
3136803106
3136903121
3136953129
3137003117
3137103107
3137203115
3137303106
3137403120
3137503107
3137533107
3137603101
3137703124
3137803111
3137903103
3138003127
3138103128
3138203111
3138303115
3138353104
3138403127
3138503105
3138603105
3138623113
3138653129
3138673124
3138683129
3138703111
3138803115
3138903117
3139003121
3139103120
3139203117
3139253106
3139303129
3139403124
3139503124
3139603116
3139703114
3139803105
3139903110
3140003101
3140103116
3140153101
3140203105
3140303123
3140403110
3140503115
3140533124
3140553119
3140603104
3140703101
3140803105
3140853106
3140903124
3141003106
3141103101
3141203107
3141303115
3141403119
3141503116
3141603118
3141703123
3141803104
3141903111
3142003129
3142103118
3142203118
3142253129
3142303101
3142403115
3142503114
3142603111
3142703129
3142803112
3142903106
3143003121
3143103112
3143153119
3143203122
3143303106
3143403110
3143453106
3143503114
3143603114
3143703109
3143803110
3143903118
3144003124
3144103121
3144203116
3144303117
3144353123
3144373126
3144403110
3144503120
3144603111
3144653106
3144673116
3144703109
3144803101
3144903117
3145003112
3145053106
3145103121
3145203115
3145303117
3145353117
3145373106
3145403105
3145453106
3145503111
3145603115
3145703105
3145803115
3145853108
3145873124
3145903103
3146003110
3146103101
3146203117
3146253106
3146303117
3146403114
3146503115
3146553106
3146603103
3146703127
3146753119
3146903114
3147003126
3147103115
3147203121
3147303110
3147403114
3147503109
3147603111
3147703115
3147803105
3147903122
3147953129
3148003107
3148103112
3148203118
3148303108
3148403116
3148503117
3148603116
3148703119
3148753124
3148803108
3148903115
3149003124
3149103110
3149153129
3149203113
3149303101
3149403105
3149503105
3149603114
3149703115
3149803113
3149903111
3149953123
3150003117
3150103105
3150153123
3150203108
3150303120
3150403101
3150503115
3150533123
3150573129
3150603115
3150703113
3150803103
3150903110
3151003110
3151103127
3151203128
3151303118
3151403115
3151503122
3151603113
3151703121
3151803110
3151903124
3152003114
3152103108
3152133128
3152173119
3152203106
3152303108
3152403117
3152503110
3152603111
3152703120
3152803112
3152903122
3153003113
3153103118
3153203114
3153303104
3153403107
3153503124
3153603114
3153703114
3153803103
3153903101
3154003108
3154103127
3154153124
3154203120
3154303116
3154403103
3154453126
3154503106
3154603101
3154703111
3154803101
3154903108
3155003108
3155103119
3155203103
3155303101
3155403105
3155503107
3155603106
3155703109
3155803118
3155903105
3156003104
3156103120
3156203105
3156303118
3156403112
3156453118
3156503106
3156603119
3156703101
3156803104
3156903113
3157003106
3157103119
3157203109
3157253123
3157273105
3157303103
3157333120
3157373106
3157403108
3157503116
3157603128
3157653117
3157703113
3157803101
3157903124
3158003109
3158103119
3158203116
3158303111
3158403127
3158503114
3158603105
3158703103
3158803115
3158903124
3158953123
3159003101
3159103103
3159203110
3159303105
3159353123
3159403103
3159503116
3159603110
3159703107
3159803125
3159903115
3160003127
3160103108
3160203104
3160303119
3160403115
3160453106
3160503109
3160603114
3160703105
3160803111
3160903103
3160953123
3161003109
3161053116
3161103129
3161203115
3161303113
3161403118
3161503118
3161603116
3161653116
3161703107
3161803115
3161903109
3162003110
3162103107
3162203122
3162253106
3162303110
3162403129
3162453129
3162503120
3162553124
3162573116
3162603123
3162653106
3162703106
3162803116
3162903105
3162923101
3162943122
3162953101
3163003116
3163103115
3163203110
3163303117
3163403108
3163503116
3163603124
3163703111
3163803108
3163903121
3164003108
3164103116
3164203129
3164303122
3164403110
3164433118
3164473123
3164503116
3164603115
3164703122
3164803109
3164903111
3165003120
3165103122
3165203111
3165303120
3165403110
3165503116
3165533101
3165553117
3165563108
3165573110
3165603105
3165703118
3165803110
3165903104
3166003103
3166103109
3166203103
3166303108
3166403111
3166503104
3166603115
3166703117
3166803107
3166903121
3166953106
3167003111
3167103104
3167203114
3167303118
3167403110
3167503105
3167603124
3167703116
3167803111
3167903118
3168003106
3168053124
3168103113
3168203115
3168303101
3168403116
3168503108
3168603117
3168703123
3168803120
3168903107
3169003118
3169053110
3169103110
3169203124
3169303111
3169353114
3169403111
3169503116
3169603112
3169703104
3169803110
3169903118
3170003129
3170053123
3170103113
3170203112
3170303117
3170403126
3170433113
3170473126
3170503108
3170523129
3170573123
3170603122
3170653106
3170703111
3170753107
3170803128
3170903129
3171003107
3171033106
3171073104
3171103113
3171153123
3171203101
3171303108
3171403118
3171503116
3171603104
3171703111
3171803109
3171903116
3172003118
3172103127
3172203110
3200003200
3200103290
3200133290
3200163290
3200203290
3200303290
3200353290
3200403290
3200503290
3200603290
3200703290
3200803290
3200903290
3201003290
3201103290
3201153290
3201203290
3201303290
3201403290
3201503290
3201603290
3201703290
3201803290
3201903290
3202003290
3202103290
3202203290
3202253290
3202303290
3202403290
3202453290
3202503290
3202553290
3202603290
3202653290
3202703290
3202803290
3202903290
3203003290
3203053290
3203103290
3203133290
3203163290
3203203290
3203303290
3203323290
3203343290
3203353290
3203403290
3203503290
3203603290
3203703290
3203803290
3203903290
3204003290
3204053290
3204103290
3204203290
3204253290
3204303290
3204353290
3204403290
3204503290
3204553290
3204603290
3204653290
3204703290
3204803290
3204903290
3204953290
3205003290
3205013290
3205033290
3205063290
3205103290
3205153290
3205173290
3205203290
3205303290
3300003300
3300103308
3300153302
3300203305
3300223307
3300233305
3300253305
3300303306
3300403306
3300453301
3300503304
3300603302
3300703305
3300803305
3300903302
3300933303
3300953307
3301003303
3301103304
3301153303
3301203304
3301303305
3301403303
3301503304
3301603304
3301703301
3301803307
3301853301
3301873305
3301903301
3302003301
3302053302
3302103302
3302203302
3302253306
3302273301
3302303302
3302403303
3302453304
3302503301
3302603308
3302703301
3302803307
3302853301
3302903307
3303003302
3303103302
3303203301
3303303301
3303403304
3303503301
3303603301
3303703307
3303803308
3303853307
3303903304
3303953306
3304003306
3304103302
3304113306
3304123306
3304143301
3304153303
3304203306
3304303305
3304403306
3304503306
3304523305
3304553301
3304603304
3304703302
3304753303
3304803303
3304903301
3305003303
3305103301
3305133302
3305153304
3305203305
3305303304
3305403307
3305503305
3305553301
3305603305
3305703304
3305753301
3305803304
3305903304
3306003307
3306103306
3306153302
3306203307
3306303306
3500003500
3500103509
3500203515
3500303514
3500403514
3500503507
3500553506
3500603510
3500703506
3500753516
3500803511
3500903505
3501003513
3501103502
3501153516
3501203515
3501303511
3501403509
3501503509
3501603507
3501703503
3501803515
3501903507
3502003510
3502103502
3502203516
3502303506
3502403511
3502503517
3502603515
3502703516
3502753516
3502803502
3502903516
3503003508
3503103506
3503153517
3503203503
3503303510
3503353509
3503403506
3503503517
3503603506
3503703515
3503803507
3503903501
3503953515
3504003509
3504103507
3504203502
3504303506
3504403502
3504503506
3504603515
3504703506
3504803515
3504903517
3505003506
3505103502
3505203506
3505303506
3505353516
3505403512
3505503505
3505603513
3505703501
3505803509
3505903513
3506003506
3506103505
3506203502
3506303509
3506353504
3506403502
3506503502
3506603501
3506703503
3506803506
3506903506
3507003516
3507103507
3507153516
3507203509
3507303506
3507403503
3507453506
3507503506
3507603507
3507703502
3507753502
3507803513
3507903506
3508003516
3508103502
3508203508
3508303506
3508403507
3508503517
3508603517
3508703514
3508803506
3508903511
3509003501
3509103511
3509203501
3509253512
3509303505
3509403513
3509453516
3509503507
3509603507
3509703517
3509803509
3509903512
3509953517
3510003509
3510103503
3510153509
3510203516
3510303516
3510403510
3510503517
3510603501
3510703515
3510803514
3510903513
3511003502
3511103515
3511203515
3511303515
3511403506
3511503516
3511603516
3511703510
3511903502
3512003505
3512103505
3512203510
3512303506
3512403510
3512503502
3512603506
3512703510
3512803507
3512903515
3513003501
3513103513
3513203508
3513303509
3513403517
3513503504
3513603517
3513703503
3513803501
3513853515
3513903514
3514003503
3514103506
3514203515
3514303503
3514403511
3514503506
3514603513
3514703509
3514803512
3514903510
3514923515
3514953515
3515003501
3515103501
3515123511
3515153510
3515183514
3515193509
3515203515
3515303511
3515353511
3515403506
3515503515
3515603515
3515653509
3515703501
3515803511
3515903515
3516003509
3516103509
3516203508
3516303501
3516403501
3516503502
3516603509
3516703509
3516803515
3516853503
3516903515
3517003506
3517103502
3517203506
3517303509
3517403505
3517503515
3517603516
3517703508
3517803502
3517903505
3518003515
3518103509
3518203502
3518303501
3518403517
3518503516
3518603513
3518703504
3518803501
3518853513
3518903502
3519003509
3519053507
3519073507
3519103506
3519203509
3519253506
3519303503
3519403515
3519503509
3519603503
3519703516
3519803515
3519903511
3520003506
3520103508
3520203517
3520303512
3520403517
3520423512
3520443502
3520503507
3520603511
3520703515
3520803509
3520903509
3521003516
3521103510
3521153515
3521203512
3521303508
3521403510
3521503515
3521603511
3521703516
3521803506
3521903515
3522003506
3522103504
3522153516
3522203501
3522303516
3522403516
3522503501
3522603514
3522653516
3522703503
3522803506
3522903506
3523003502
3523103501
3523203516
3523303512
3523403507
3523503506
3523603510
3523703508
3523803514
3523903516
3524003507
3524103508
3524203505
3524303513
3524403517
3524503515
3524603512
3524703507
3524803515
3524903517
3525003501
3525103513
3525203507
3525303506
3525403508
3525503507
3525603511
3525703515
3525803509
3525853516
3525903507
3526003511
3526103512
3526203501
3526303517
3526403506
3526503502
3526603517
3526703510
3526803506
3526903510
3527003507
3527103506
3527203517
3527253502
3527303507
3527403509
3527503506
3527603513
3527703502
3527803509
3527903509
3528003506
3528103515
3528203515
3528303515
3528403516
3528503501
3528603506
3528703511
3528803509
3528853515
3528903509
3529003509
3529103515
3529203511
3529303503
3529403501
3529503515
3529603515
3529653515
3529703508
3529803506
3529903512
3530003515
3530103502
3530203511
3530303515
3530403515
3530503514
3530603501
3530703514
3530803514
3530903510
3531003515
3531103504
3531203507
3531303513
3531403515
3531503505
3531603511
3531703517
3531803507
3531903508
3532003507
3532053503
3532103502
3532153511
3532203511
3532303517
3532403507
3532503515
3532603515
3532703515
3532803515
3532823516
3532843515
3532863502
3532903503
3533003515
3533103511
3533203502
3533253515
3533303502
3533403507
3533503515
3533603508
3533703509
3533803509
3533903505
3534003515
3534103509
3534203515
3534303508
3534403501
3534503509
3534603509
3534703509
3534753515
3534803511
3534903509
3535003515
3535103515
3535203515
3535303509
3535403511
3535503509
3535603517
3535703515
3535803506
3535903515
3536003509
3536103506
3536203512
3536253515
3536303508
3536403511
3536503507
3536573506
3536603515
3536703506
3536803507
3536903515
3537003508
3537103507
3537153509
3537203512
3537303502
3537403502
3537503506
3537603504
3537703502
3537803516
3537903516
3538003517
3538103515
3538203507
3538303511
3538503517
3538603507
3538703510
3538803506
3538903506
3539003515
3539103501
3539203511
3539303510
3539403506
3539503513
3539603515
3539703509
3539803501
3539903515
3540003509
3540103506
3540203513
3540253515
3540303515
3540403515
3540503506
3540603516
3540703503
3540753517
3540803515
3540853509
3540903513
3541003504
3541053506
3541103506
3541203511
3541303511
3541403511
3541503511
3541603506
3541653516
3541703511
3541803509
3541903517
3542003509
3542103510
3542203511
3542303517
3542403511
3542503506
3542603512
3542703508
3542803516
3542903503
3543003516
3543103508
3543203509
3543233511
3543253516
3543303501
3543403513
3543503516
3543603508
3543703503
3543803509
3543903510
3544003510
3544103501
3544203515
3544253511
3544303517
3544403502
3544503515
3544603506
3544703509
3544803515
3544903508
3545003501
3545103509
3545153510
3545203516
3545303516
3545403509
3545503511
3545603515
3545703515
3545803507
3546003517
3546103515
3546203510
3546253513
3546303514
3546403509
3546503503
3546603515
3546703510
3546803501
3546903503
3547003510
3547103511
3547203515
3547303501
3547403515
3547503513
3547603513
3547653515
3547703511
3547803501
3547903513
3548003507
3548053502
3548103514
3548203517
3548303511
3548403502
3548503504
3548603517
3548703501
3548803501
3548903503
3549003515
3549103514
3549203515
3549253515
3549303511
3549403508
3549503508
3549603517
3549703514
3549803515
3549903517
3549953501
3550003517
3550103506
3550203516
3550303501
3550403510
3550503509
3550603516
3550703517
3550803514
3550903513
3551003504
3551103516
3551203506
3551303515
3551403513
3551503513
3551603507
3551703513
3551803512
3551903505
3552003517
3552103507
3552203516
3552303502
3552403507
3552503501
3552553502
3552603515
3552703503
3552803501
3552903511
3553003506
3553103505
3553203505
3553303514
3553403515
3553503516
3553603514
3553653505
3553703503
3553803506
3553853516
3553903511
3553953509
3554003516
3554103517
3554203506
3554303511
3554403505
3554503516
3554603509
3554653506
3554703506
3554753503
3554803517
3554903515
3554953507
3555003509
3555103511
3555203502
3555303515
3555353515
3555403517
3555503509
3555603515
3555703515
3555803515
3555903506
3556003515
3556103515
3556203507
3556303502
3556353507
3556403514
3556453501
3556503507
3556603509
3556703507
3556803505
3556903505
3556953515
3557003516
3557103515
3557153515
3557203509
3557303514
4100004100
4100104190
4100204190
4100304190
4100404190
4100454190
4100504190
4100604190
4100704190
4100804190
4100904190
4101004190
4101054190
4101104190
4101154190
4101204190
4101304190
4101404190
4101504190
4101604190
4101654190
4101704190
4101804190
4101854190
4101904190
4102004190
4102104190
4102204190
4102304190
4102404190
4102504190
4102604190
4102704190
4102754190
4102804190
4102904190
4103004190
4103024190
4103044190
4103054190
4103104190
4103154190
4103204190
4103224190
4103304190
4103354190
4103374190
4103404190
4103454190
4103474190
4103504190
4103604190
4103704190
4103804190
4103904190
4103954190
4104004190
4104054190
4104104190
4104204190
4104254190
4104304190
4104404190
4104424190
4104454190
4104504190
4104604190
4104654190
4104704190
4104804190
4104904190
4105004190
4105104190
4105204190
4105304190
4105404190
4105504190
4105604190
4105704190
4105804190
4105904190
4106004190
4106104190
4106204190
4106304190
4106404190
4106454190
4106504190
4106554190
4106574190
4106604190
4106704190
4106804190
4106854190
4106904190
4107004190
4107104190
4107124190
4107154190
4107204190
4107254190
4107304190
4107404190
4107504190
4107524190
4107534190
4107544190
4107554190
4107604190
4107654190
4107704190
4107734190
4107754190
4107804190
4107854190
4107904190
4108004190
4108104190
4108204190
4108304190
4108324190
4108404190
4108454190
4108504190
4108554190
4108604190
4108654190
4108704190
4108804190
4108904190
4108954190
4109004190
4109104190
4109204190
4109304190
4109404190
4109504190
4109604190
4109654190
4109704190
4109754190
4109804190
4109904190
4110004190
4110054190
4110074190
4110104190
4110204190
4110304190
4110404190
4110504190
4110604190
4110654190
4110704190
4110804190
4110904190
4110954190
4111004190
4111104190
4111204190
4111254190
4111304190
4111404190
4111504190
4111554190
4111604190
4111704190
4111804190
4111904190
4112004190
4112104190
4112204190
4112304190
4112404190
4112504190
4112604190
4112704190
4112754190
4112804190
4112904190
4112954190
4113004190
4113104190
4113204190
4113254190
4113304190
4113404190
4113424190
4113454190
4113504190
4113604190
4113704190
4113734190
4113754190
4113804190
4113904190
4114004190
4114104190
4114204190
4114304190
4114354190
4114404190
4114504190
4114604190
4114704190
4114804190
4114904190
4115004190
4115104190
4115204190
4115304190
4115354190
4115404190
4115454190
4115504190
4115604190
4115704190
4115734190
4115754190
4115804190
4115854190
4115904190
4116004190
4116054190
4116104190
4116204190
4116304190
4116404190
4116504190
4116604190
4116704190
4116804190
4116904190
4116954190
4117004190
4117054190
4117104190
4117204190
4117214190
4117224190
4117254190
4117274190
4117294190
4117304190
4117404190
4117454190
4117504190
4117604190
4117704190
4117804190
4117904190
4118004190
4118104190
4118204190
4118304190
4118404190
4118454190
4118504190
4118604190
4118704190
4118804190
4118854190
4118904190
4119004190
4119104190
4119154190
4119204190
4119254190
4119304190
4119404190
4119504190
4119604190
4119654190
4119704190
4119804190
4119904190
4119954190
4120004190
4120104190
4120154190
4120204190
4120304190
4120334190
4120354190
4120404190
4120504190
4120604190
4120654190
4120704190
4120804190
4120854190
4120904190
4121004190
4121104190
4121204190
4121254190
4121304190
4121354190
4121404190
4121504190
4121604190
4121704190
4121754190
4121804190
4121904190
4122004190
4122104190
4122154190
4122174190
4122204190
4122304190
4122404190
4122504190
4122604190
4122654190
4122704190
4122804190
4122904190
4123004190
4123104190
4123204190
4123304190
4123404190
4123504190
4123604190
4123704190
4123804190
4123824190
4123854190
4123904190
4123954190
4124004190
4124024190
4124054190
4124104190
4124204190
4124304190
4124404190
4124504190
4124604190
4124704190
4124804190
4124904190
4125004190
4125104190
4125204190
4125304190
4125354190
4125404190
4125454190
4125504190
4125554190
4125604190
4125704190
4125754190
4125804190
4125904190
4126004190
4126104190
4126204190
4126254190
4126274190
4126304190
4126354190
4126404190
4126504190
4126604190
4126654190
4126674190
4126704190
4126804190
4126904190
4127004190
4127104190
4127204190
4127304190
4127404190
4127504190
4127604190
4127704190
4127804190
4127854190
4127884190
4127904190
4127954190
4127964190
4128004190
4128104190
4128204190
4128304190
4128404190
4128504190
4128534190
4128554190
4128604190
4128624190
4128634190
4128654190
4128704190
4128804190
4200004200
4200054208
4200104205
4200204212
4200304212
4200404207
4200504229
4200554204
4200604218
4200704213
4200754206
4200804230
4200904218
4201004227
4201104218
4201204218
4201254214
4201274233
4201304223
4201404222
4201504236
4201604209
4201654233
4201704235
4201804213
4201904213
4201954222
4202004217
4202054223
4202074222
4202084201
4202094201
4202104223
4202134226
4202154201
4202204235
4202304218
4202404215
4202434227
4202454217
4202504228
4202534205
4202574202
4202604228
4202704216
4202804236
4202854212
4202874208
4202904216
4203004210
4203104229
4203154210
4203204217
4203254227
4203304225
4203404227
4203504203
4203604208
4203704216
4203804226
4203904207
4203954220
4204004207
4204104204
4204154208
4204174227
4204194213
4204204204
4204254221
4204304206
4204354204
4204404204
4204454203
4204504224
4204554227
4204604221
4204704229
4204754229
4204804211
4204904201
4205004230
4205104214
4205154235
4205174205
4205194222
4205204207
4205304205
4205354202
4205404218
4205434232
4205454221
4205504209
4205554211
4205604203
4205704219
4205804223
4205904215
4206004218
4206104236
4206204220
4206304216
4206404201
4206504224
4206604230
4206654204
4206704207
4206754208
4206804207
4206904214
4207004221
4207104215
4207204219
4207304219
4207404213
4207504235
4207574209
4207604206
4207654231
4207684205
4207704233
4207754202
4207804206
4207854232
4207904226
4208004233
4208104225
4208204217
4208304217
4208404231
4208454223
4208504213
4208604207
4208704222
4208804220
4208904224
4208954232
4209004207
4209104223
4209154214
4209174203
4209204207
4209304227
4209404219
4209454205
4209504212
4209604221
4209704210
4209804213
4209854233
4209904214
4210004215
4210034207
4210054210
4210104225
4210204216
4210304226
4210404222
4210504202
4210554205
4210604224
4210704210
4210804222
4210854234
4210904202
4211004229
4211054208
4211104225
4211204221
4211254222
4211304217
4211404204
4211454204
4211504216
4211604221
4211654203
4211704221
4211754227
4211804207
4211854205
4211874233
4211894227
4211904218
4212004230
4212054227
4212104229
4212204225
4212234201
4212254222
4212274205
4212304219
4212404220
4212504217
4212604206
4212654219
4212704213
4212804217
4212904202
4213004209
4213104206
4213154204
4213204215
4213304227
4213354211
4213404205
4213504217
4213604226
4213704234
4213804222
4213904206
4214004214
4214104214
4214154230
4214204232
4214304218
4214404210
4214504234
4214604212
4214704235
4214804212
4214904236
4215004225
4215054228
4215074229
4215104235
4215204202
4215304234
4215354202
4215404209
4215454220
4215504211
4215554231
4215604236
4215654222
4215674234
4215684202
4215694232
4215704218
4215754203
4215804225
4215904218
4216004229
4216054211
4216104205
4216204223
4216254231
4216304216
4216354223
4216404222
4216504228
4216604218
4216704230
4216804227
4216904203
4217004236
4217104236
4217154202
4217204201
4217254218
4217304202
4217404224
4217504233
4217554202
4217604221
4217704222
4217754202
4217804234
4217904209
4217954202
4218004216
4218104222
4218204235
4218254210
4218304226
4218354221
4218404220
4218504207
4218604212
4218704220
4218754231
4218804222
4218854232
4218904228
4218954228
4219004221
4219104205
4219154208
4219174207
4219204213
4219304209
4219354214
4219404214
4219504205
4219604233
4219704205
4219854208
4220004221
4300004300
4300034307
4300054306
4300104304
4300204317
4300304314
4300404310
4300454314
4300474306
4300504319
4300554306
4300574305
4300604302
4300634303
4300644319
4300664306
4300704316
4300804305
4300854302
4300874301
4300904311
4301004316
4301054318
4301074303
4301104302
4301204308
4301304303
4301404306
4301504317
4301554311
4301604307
4301634318
4301654301
4301704311
4301754302
4301804306
4301854319
4301874310
4301904302
4301924311
4301954315
4302004306
4302054311
4302104305
4302154315
4302204314
4302224309
4302234309
4302254305
4302304305
4302354305
4302374319
4302404316
4302454316
4302504312
4302584317
4302604315
4302654301
4302704302
4302804308
4302904304
4303004308
4303104302
4303204306
4303304312
4303404319
4303504302
4303554306
4303604301
4303674305
4303704314
4303804311
4303904301
4304004317
4304104306
4304204313
4304304314
4304354307
4304404305
4304504303
4304604301
4304614316
4304624306
4304634318
4304654304
4304664303
4304674318
4304684301
4304694316
4304704306
4304714318
4304804305
4304854311
4304904306
4304954306
4305004317
4305104305
4305114311
4305124303
4305134308
4305154315
4305174302
4305204312
4305304315
4305354302
4305374311
4305404317
4305434303
4305444302
4305454318
4305504306
4305584316
4305604309
4305704317
4305804315
4305834316
4305854306
4305874317
4305904315
4305934305
4305954305
4305974306
4306004317
4306054303
4306074319
4306104309
4306134311
4306204316
4306304306
4306324319
4306354312
4306374304
4306404301
4306424315
4306454316
4306504302
4306554318
4306604307
4306704304
4306734314
4306754316
4306764302
4306804316
4306904308
4306924315
4306934312
4306954311
4306974311
4307004311
4307054306
4307104303
4307204311
4307304319
4307404305
4307454319
4307504306
4307554311
4307604301
4307704301
4307804316
4307814308
4307834312
4307864305
4307904305
4308004304
4308054311
4308074316
4308104305
4308204305
4308254311
4308304306
4308404304
4308434316
4308454309
4308504319
4308604305
4308654312
4308704311
4308804302
4308854306
4308904311
4309004314
4309054302
4309104305
4309124315
4309154313
4309204302
4309254305
4309304302
4309404305
4309504312
4309554301
4309574313
4309604314
4309654307
4309704317
4309754308
4309804306
4309904306
4309954306
4310004309
4310104301
4310204317
4310304316
4310334318
4310364316
4310404314
4310414317
4310434305
4310464311
4310504319
4310534304
4310554304
4310574306
4310604310
4310654318
4310704311
4310754304
4310804301
4310854315
4310874309
4310904311
4311004303
4311104304
4311124305
4311134304
4311154317
4311204304
4311234308
4311254306
4311274306
4311304306
4311404316
4311424315
4311504307
4311604319
4311624301
4311644305
4311704306
4311714310
4311734318
4311754310
4311774318
4311794301
4311804306
4311904311
4311984302
4312004311
4312054316
4312104304
4312134306
4312154313
4312174312
4312204306
4312254302
4312304315
4312354306
4312374305
4312384305
4312404301
4312424306
4312444318
4312454303
4312474301
4312504318
4312604316
4312614305
4312624306
4312654306
4312674306
4312704311
4312754306
4312804305
4312904305
4312954315
4313004316
4313014314
4313034304
4313064301
4313084305
4313104304
4313204305
4313304305
4313334317
4313354305
4313374301
4313394308
4313404301
4313424314
4313444319
4313464315
4313494315
4313504318
4313604306
4313654318
4313704315
4313804319
4313904317
4313954313
4314004305
4314024304
4314034301
4314054301
4314064308
4314074313
4314104306
4314134311
4314154316
4314174303
4314204303
4314304317
4314404303
4314424305
4314454319
4314464305
4314474304
4314494319
4314504303
4314534305
4314544305
4314554312
4314604303
4314704319
4314754316
4314774306
4314784311
4314804301
4314904302
4315004314
4315054314
4315074314
4315104312
4315134316
4315144301
4315154316
4315174305
4315204316
4315304310
4315314311
4315324304
4315354309
4315404315
4315454316
4315504304
4315554311
4315604303
4315704313
4315754301
4315804316
4315904319
4315954312
4316004301
4316104315
4316204315
4316304312
4316404310
4316424315
4316434309
4316454309
4316474312
4316504301
4316604306
4316704309
4316734306
4316754316
4316804313
4316904304
4316954301
4316974310
4317004303
4317104310
4317204314
4317254305
4317304303
4317404304
4317504312
4317554306
4317604318
4317704312
4317754306
4317804317
4317904314
4317954306
4318004312
4318054306
4318104304
4318204301
4318304310
4318404302
4318424306
4318434304
4318444305
4318454315
4318464316
4318484301
4318494314
4318504303
4318604306
4318614301
4318624305
4318704301
4318804303
4318904312
4319004305
4319104317
4319124304
4319154312
4319204312
4319304314
4319354301
4319364315
4319374312
4319404304
4319504301
4319604304
4319704311
4319714316
4319734317
4319754305
4319804304
4319904301
4320004301
4320104315
4320204319
4320234317
4320264308
4320304309
4320324314
4320354302
4320404306
4320454316
4320504306
4320554302
4320574312
4320604311
4320654304
4320674313
4320704308
4320804306
4320854301
4320904306
4321004306
4321104302
4321204301
4321304316
4321324319
4321354318
4321404319
4321434318
4321454316
4321464306
4321474319
4321494304
4321504318
4321604318
4321624316
4321634311
4321664318
4321704301
4321804314
4321834318
4321854315
4321904319
4321954315
4322004301
4322104314
4322154306
4322184306
4322204309
4322254301
4322304314
4322324303
4322344312
4322354305
4322374304
4322404310
4322504305
4322524313
4322534313
4322544305
4322554306
4322604313
4322704313
4322804305
4322854316
4322904311
4323004302
4323104319
4323204306
4323304305
4323354306
4323404306
4323454304
4323504319
4323604305
4323704319
4323754312
4323774316
4323804318
5000005000
5000205010
5000255002
5000605009
5000705001
5000805007
5000855007
5000905009
5001005008
5001105001
5001245009
5001505011
5001905010
5002005007
5002105005
5002155001
5002205005
5002305010
5002405003
5002605011
5002705011
5002805005
5002905008
5002955008
5003105011
5003155009
5003205012
5003255008
5003305002
5003455004
5003485001
5003505003
5003705003
5003755006
5003805004
5003905011
5004005004
5004105005
5004305006
5004405008
5004505003
5004605006
5004705007
5004805006
5004905011
5005005005
5005105004
5005155006
5005205012
5005255009
5005405011
5005605001
5005685006
5005705006
5005805005
5006005003
5006205007
5006255007
5006275008
5006305008
5006355009
5006405002
5006605009
5006905005
5007105011
5007205003
5007305002
5007405002
5007505011
5007555010
5007695011
5007705009
5007805010
5007905011
5007935002
5007955009
5007975007
5008005011
5008305010
5008405004
5100005100
5100105190
5100205190
5100255190
5100305190
5100355190
5100405190
5100505190
5100605190
5100805190
5101005190
5101205190
5101255190
5101305190
5101405190
5101605190
5101705190
5101805190
5101855190
5101905190
5102505190
5102605190
5102635190
5102675190
5102685190
5102695190
5102705190
5102795190
5102855190
5103005190
5103055190
5103105190
5103205190
5103255190
5103305190
5103355190
5103365190
5103375190
5103405190
5103435190
5103455190
5103505190
5103605190
5103705190
5103805190
5103855190
5103905190
5103955190
5104105190
5104205190
5104505190
5104525190
5104545190
5104555190
5104605190
5104805190
5104905190
5105005190
5105105190
5105155190
5105175190
5105205190
5105235190
5105255190
5105305190
5105505190
5105585190
5105605190
5105625190
5105905190
5106005190
5106105190
5106155190
5106175190
5106185190
5106195190
5106205190
5106215190
5106225190
5106235190
5106245190
5106255190
5106265190
5106275190
5106285190
5106295190
5106305190
5106315190
5106375190
5106425190
5106455190
5106505190
5106655190
5106705190
5106755190
5106775190
5106805190
5106825190
5106855190
5107005190
5107045190
5107065190
5107105190
5107155190
5107185190
5107195190
5107205190
5107245190
5107265190
5107295190
5107305190
5107355190
5107405190
5107575190
5107605190
5107705190
5107745190
5107755190
5107765190
5107775190
5107795190
5107805190
5107855190
5107875190
5107885190
5107905190
5107925190
5107945190
5107955190
5108005190
5108055190
5108105190
5108205190
5108305190
5108355190
5108405190
5108505190
5108605190
5108805190
5108855190
5108905190
5108955190
5200005200
5200055290
5200105290
5200135290
5200155290
5200175290
5200205290
5200255290
5200305290
5200405298
5200505290
5200555290
5200605290
5200705298
5200805290
5200825290
5200855290
5200905290
5201005298
5201105290
5201205290
5201305290
5201405290
5201455290
5201505290
5201605290
5201705290
5201805290
5201905298
5202005298
5202105298
5202155290
5202205298
5202305298
5202355290
5202405298
5202505290
5202555298
5202605290
5202705298
5202805290
5202905298
5203005298
5203105290
5203205290
5203305290
5203405290
5203505290
5203555290
5203575290
5203605290
5203705298
5203805290
5203905290
5203935290
5203965290
5204005290
5204105290
5204205290
5204255290
5204305290
5204405290
5204505290
5204555290
5204605290
5204655290
5204705290
5204805290
5204855290
5204905290
5204955290
5205005290
5205055290
5205105290
5205205290
5205305290
5205405290
5205455290
5205475290
5205495290
5205505298
5205515290
5205525290
5205605298
5205705290
5205805290
5205905290
5206005298
5206105298
5206205290
5206305290
5206405290
5206505290
5206605290
5206705290
5206805290
5206905290
5207005298
5207105290
5207205298
5207255290
5207305298
5207355290
5207405290
5207505290
5207535290
5207555298
5207605290
5207655298
5207705298
5207805290
5207905290
5208005290
5208105290
5208155290
5208205298
5208305290
5208405290
5208505290
5208605290
5208705290
5208805290
5208905290
5209005298
5209105290
5209155290
5209205290
5209295290
5209305298
5209405290
5209455290
5209505298
5209605290
5209705290
5209805290
5209905290
5209935290
5209955290
5210005290
5210105290
5210155290
5210205290
5210305290
5210405290
5210505298
5210565290
5210605290
5210705298
5210805290
5210905290
5211005290
5211105298
5211205290
5211305290
5211405290
5211505290
5211605290
5211705290
5211805290
5211905290
5212005290
5212055290
5212105290
5212205290
5212255290
5212305290
5212405298
5212505290
5212605290
5212705290
5212805290
5212905290
5212955290
5213005290
5213055290
5213085290
5213105290
5213205298
5213305298
5213405290
5213505290
5213605298
5213705290
5213755290
5213775290
5213805290
5213855290
5213905290
5214005290
5214055290
5214105290
5214205298
5214305298
5214405290
5214505290
5214605290
5214705290
5214805290
5214835290
5214865290
5214875290
5214885298
5214905290
5215005290
5215105298
5215205290
5215235290
5215255290
5215305290
5215405290
5215505290
5215605290
5215655290
5215705290
5215755298
5215805290
5215905290
5216005290
5216105298
5216205298
5216305290
5216405290
5216455290
5216505298
5216605298
5216705298
5216805290
5216905290
5217005298
5217105290
5217205290
5217305290
5217405290
5217505298
5217605290
5217705290
5217805298
5217905298
5218005290
5218055290
5218105290
5218205298
5218305290
5218395290
5218405298
5218505290
5218605290
5218705290
5218755298
5218785290
5218805290
5218905290
5219005290
5219105290
5219205290
5219255290
5219305290
5219355290
5219405290
5219455290
5219505290
5219605290
5219705290
5219715290
5219735290
5219755290
5219805290
5219905290
5220005290
5220055290
5220105290
5220155290
5220205290
5220265290
5220285290
5220305298
5220405290
5220455290
5220505290
5220605290
5220655298
5220685290
5220705290
5220805298
5220905298
5221005290
5221085290
5221105298
5221195290
5221205298
5221305290
5221405290
5221455290
5221505290
5221555290
5221575290
5221605290
5221705290
5221805290
5221855290
5221905290
5222005290
5222055290
5222085298
5222105298
5222205290
5222305290
5300105390
