0000000000
1100001100
1100011190
1100021190
1100031190
1100041190
1100051190
1100061190
1100071190
1100081190
1100091190
1100101190
1100111190
1100121190
1100131190
1100141190
1100151190
1100181190
1100201190
1100251190
1100261190
1100281190
1100291190
1100301190
1100321190
1100331190
1100341190
1100371190
1100401190
1100451190
1100501190
1100601190
1100701190
1100801190
1100901190
1100921190
1100941190
1101001190
1101101190
1101201190
1101301190
1101401190
1101431190
1101451190
1101461190
1101471190
1101481190
1101491190
1101501190
1101551190
1101601190
1101701190
1101751190
1101801190
1200001200
1200011290
1200051290
1200101290
1200131290
1200171290
1200201290
1200251290
1200301290
1200321290
1200331290
1200341290
1200351290
1200381290
1200391290
1200401290
1200421290
1200431290
1200451290
1200501290
1200601290
1200701290
1200801290
1300001300
1300021301
1300061301
1300081301
1300101301
1300141301
1300201301
1300301301
1300401301
1300501301
1300601301
1300631301
1300681301
1300701301
1300801301
1300831301
1300901301
1301001301
1301101301
1301151301
1301201301
1301301301
1301401301
1301501301
1301601301
1301651301
1301701301
1301801301
1301851301
1301901301
1301951301
1302001301
1302101301
1302201301
1302301301
1302401301
1302501301
1302551301
1302601301
1302701301
1302801301
1302901301
1303001301
1303101301
1303201301
1303301301
1303401301
1303501301
1303531301
1303561301
1303601301
1303701301
1303801301
1303901301
1303951301
1304001301
1304061301
1304101301
1304201301
1304231301
1304261301
1304301301
1304401301
1400001400
1400021490
1400051490
1400101490
1400151490
1400171490
1400201490
1400231490
1400281490
1400301490
1400401490
1400451490
1400471490
1400501490
1400601490
1400701490
1500001500
1500101590
1500131590
1500201590
1500301590
1500341590
1500401590
1500501590
1500601590
1500701590
1500801590
1500851590
1500901590
1500951590
1501001590
1501101590
1501201590
1501251590
1501301590
1501401590
1501451590
1501501590
1501571590
1501601590
1501701590
1501721590
1501751590
1501781590
1501801590
1501901590
1501951590
1502001590
1502101590
1502151590
1502201590
1502301590
1502401590
1502501590
1502601590
1502701590
1502751590
1502761590
1502771590
1502801590
1502851590
1502901590
1502931590
1502951590
1503001590
1503041590
1503071590
1503091590
1503101590
1503201590
1503301590
1503401590
1503451590
1503501590
1503601590
1503701590
1503751590
1503801590
1503901590
1504001590
1504051590
1504101590
1504201590
1504301590
1504401590
1504421590
1504451590
1504501590
1504601590
1504701590
1504751590
1504801590
1504901590
1504951590
1504971590
1505001590
1505031590
1505061590
1505101590
1505201590
1505301590
1505401590
1505431590
1505481590
1505491590
1505501590
1505531590
1505551590
1505601590
1505631590
1505651590
1505701590
1505801590
1505901590
1506001590
1506101590
1506111590
1506131590
1506161590
1506181590
1506191590
1506201590
1506301590
1506351590
1506401590
1506501590
1506551590
1506581590
1506601590
1506701590
1506801590
1506901590
1507001590
1507101590
1507151590
1507201590
1507301590
1507401590
1507451590
1507461590
1507471590
1507501590
1507601590
1507701590
1507751590
1507801590
1507901590
1507951590
1507961590
1507971590
1508001590
1508031590
1508051590
1508081590
1508101590
1508121590
1508151590
1508201590
1508301590
1508351590
1508401590
1600001600
1600051690
1600101690
1600151690
1600201690
1600211690
1600231690
1600251690
1600271690
1600301690
1600401690
1600501690
1600531690
1600551690
1600601690
1600701690
1600801690
1700001700
1700251790
1700301790
1700351790
1700401790
1700701790
1701001790
1701051790
1701101790
1701301790
1701901790
1702001790
1702101790
1702151790
1702201790
1702301790
1702401790
1702551790
1702701790
1702901790
1703001790
1703051790
1703071790
1703101790
1703201790
1703301790
1703601790
1703701790
1703801790
1703821790
1703841790
1703861790
1703881790
1703891790
1703901790
1704101790
1704601790
1705101790
1705501790
1705551790
1705601790
1706001790
1706101790
1706251790
1706501790
1707001790
1707101790
1707201790
1707301790
1707401790
1707551790
1707651790
1707701790
1708201790
1708251790
1708301790
1709001790
1709301790
1709501790
1709801790
1710501790
1710701790
1710901790
1711101790
1711501790
1711801790
1711901790
1711951790
1712001790
1712151790
1712401790
1712451790
1712501790
1712701790
1712801790
1713201790
1713301790
1713601790
1713701790
1713801790
1713951790
1714201790
1714301790
1714881790
1715001790
1715101790
1715151790
1715251790
1715501790
1715701790
1715751790
1716101790
1716201790
1716301790
1716501790
1716601790
1716651790
1716701790
1717001790
1717201790
1717501790
1717801790
1717901790
1718001790
1718201790
1718301790
1718401790
1718451790
1718501790
1718551790
1718651790
1718701790
1718751790
1718801790
1718841790
1718861790
1718881790
1718891790
1718901790
1719001790
1720001790
1720101790
1720151790
1720201790
1720251790
1720301790
1720491790
1720651790
1720801790
1720851790
1720901790
1720931790
1720971790
1721001790
1721101790
1721201790
1721251790
1721301790
1722081790
1722101790
2100002100
2100052104
2100102102
2100152101
2100202101
2100302102
2100402106
2100432106
2100472107
2100502108
2100552107
2100602104
2100702101
2100802101
2100832103
2100872107
2100902101
2100952105
2101002101
2101102101
2101202106
2101252101
2101302103
2101352103
2101402108
2101502105
2101602105
2101702101
2101732101
2101772107
2101802105
2101902103
2101932106
2101972107
2102002107
2102032104
2102072106
2102102101
2102152106
2102202102
2102302105
2102322104
2102352104
2102372101
2102402103
2102502103
2102552104
2102602107
2102702101
2102752105
2102802108
2102902107
2103002102
2103102103
2103122103
2103152107
2103172107
2103202101
2103252104
2103302106
2103402102
2103502105
2103552106
2103602106
2103702103
2103752104
2103802105
2103902102
2104002106
2104052104
2104072108
2104082105
2104092108
2104102108
2104202105
2104302107
2104402105
2104502105
2104552104
2104602105
2104622105
2104652107
2104672107
2104702105
2104802105
2104902103
2105002101
2105102101
2105152107
2105202106
2105302104
2105352105
2105402101
2105422104
2105452105
2105472105
2105502104
2105602105
2105652107
2105702106
2105802106
2105902106
2105922105
2105942106
2105962106
2105982104
2106002106
2106102108
2106202107
2106302101
2106322107
2106352106
2106372107
2106402101
2106502103
2106602102
2106632101
2106672101
2106702105
2106752101
2106802103
2106902107
2107002104
2107102101
2107202101
2107252108
2107302105
2107352107
2107402106
2107452103
2107502101
2107602103
2107702105
2107802102
2107902105
2108002105
2108052101
2108102106
2108202106
2108252103
2108302103
2108402103
2108452106
2108502107
2108602103
2108702107
2108802101
2108902106
2109002104
2109052103
2109102105
2109202101
2109232107
2109272103
2109302101
2109402101
2109452101
2109502108
2109552104
2109602101
2109702108
2109752105
2109802103
2109902107
2110002107
2110032107
2110102101
2110202101
2110232101
2110272101
2110302105
2110402101
2110502103
2110602101
2110652105
2110702105
2110802108
2110852104
2110902102
2111002103
2111022107
2111052104
2111072102
2111102105
2111202101
2111252105
2111302101
2111402106
2111502106
2111532104
2111572108
2111602108
2111632106
2111672106
2111702103
2111722107
2111742105
2111762104
2111782103
2111802104
2111902105
2111952105
2112002108
2112102106
2112202102
2112232106
2112272107
2112302105
2112402103
2112452103
2112502101
2112602101
2112702101
2112802103
2112852104
2112902101
2113002106
2114002107
2200002200
2200052204
2200102203
2200202203
2200252204
2200272204
2200302203
2200402203
2200452206
2200502203
2200602203
2200702205
2200802203
2200902204
2200952204
2201002203
2201052202
2201102206
2201152203
2201172204
2201202202
2201302206
2201402203
2201502202
2201552204
2201572204
2201602203
2201702203
2201732204
2201772202
2201802204
2201902206
2201912201
2201922205
2201942202
2201962202
2201982203
2202002201
2202022202
2202052202
2202072204
2202082201
2202092204
2202102204
2202112205
2202132204
2202172202
2202202202
2202252203
2202302203
2202402202
2202452205
2202502205
2202532201
2202552204
2202602202
2202652201
2202702201
2202712202
2202722201
2202732203
2202752206
2202772204
2202802204
2202852205
2202902206
2203002206
2203102206
2203202206
2203232206
2203252203
2203272204
2203302203
2203352205
2203402204
2203422202
2203452205
2203502204
2203602206
2203702202
2203752205
2203802203
2203852204
2203902203
2204002204
2204102203
2204152204
2204202204
2204302204
2204352204
2204402206
2204502203
2204552205
2204602203
2204652201
2204702204
2204802204
2204902204
2205002204
2205102203
2205152204
2205202204
2205252203
2205272202
2205302203
2205352205
2205402202
2205452202
2205502203
2205512202
2205522206
2205532205
2205542203
2205552203
2205562205
2205572202
2205582203
2205592204
2205602203
2205702201
2205802202
2205852202
2205902203
2205952204
2206002203
2206052204
2206102202
2206202203
2206302203
2206352202
2206402203
2206502204
2206602206
2206652206
2206672202
2206692201
2206702203
2206722203
2206752202
2206802202
2206902204
2206952202
2207002204
2207102203
2207202204
2207302203
2207352203
2207402206
2207502203
2207552204
2207602206
2207702201
2207752203
2207772204
2207792203
2207802204
2207852203
2207902202
2207932203
2207952203
2208002204
2208102204
2208202204
2208302202
2208402202
2208502202
2208552203
2208602204
2208652204
2208702206
2208802203
2208852206
2208872203
2208902203
2209002203
2209102204
2209152204
2209202206
2209302206
2209352204
2209372204
2209402204
2209452203
2209502204
2209552205
2209602204
2209652204
2209702203
2209752206
2209802203
2209852204
2209872202
2209902202
2209952204
2209972202
2210002205
2210052202
2210102203
2210202204
2210302204
2210352205
2210372204
2210382204
2210392203
2210402202
2210502203
2210602205
2210622206
2210632203
2210652202
2210702204
2210802204
2210902203
2210932204
2210952203
2210972204
2211002203
2211102203
2211202203
2211302204
2211352205
2211402204
2211502204
2211602204
2211702204
2300002300
2300102303
2300152301
2300202302
2300302303
2300402304
2300502302
2300602303
2300702305
2300752301
2300802303
2300902301
2301002301
2301102305
2301202301
2301252302
2301302303
2301402301
2301502304
2301602303
2301702303
2301802303
2301852304
2301902303
2301952301
2302002303
2302052302
2302102301
2302202301
2302302302
2302402304
2302502303
2302602302
2302702303
2302802304
2302902301
2303002304
2303102302
2303202303
2303302303
2303402302
2303502301
2303602303
2303652302
2303702301
2303802303
2303902302
2303932304
2303952301
2304002302
2304102302
2304202303
2304232302
2304252302
2304262303
2304272305
2304282301
2304302303
2304352302
2304402301
2304452305
2304502302
2304602301
2304652302
2304702302
2304802303
2304902302
2304952301
2305002302
2305102301
2305202302
2305232301
2305262304
2305302302
2305332304
2305352305
2305402303
2305502303
2305602302
2305652302
2305702303
2305802302
2305902302
2306002305
2306102302
2306202305
2306252301
2306302301
2306402301
2306502301
2306552302
2306602304
2306702305
2306802305
2306902305
2307002305
2307102303
2307202303
2307252302
2307302303
2307402303
2307502303
2307602305
2307632304
2307652301
2307702301
2307802302
2307902302
2308002302
2308102303
2308202302
2308302303
2308352304
2308372301
2308402303
2308502303
2308602302
2308702305
2308802302
2308902302
2309002302
2309102301
2309202303
2309302302
2309402302
2309452301
2309502303
2309602301
2309702301
2309802301
2309902302
2310002305
2310102301
2310202301
2310252301
2310302304
2310402304
2310502304
2310602303
2310702301
2310802305
2310852301
2310902303
2310952302
2311002302
2311102303
2311202303
2311232305
2311262302
2311302304
2311352303
2311402304
2311502305
2311602301
2311702302
2311802305
2311902303
2311952303
2312002302
2312102303
2312202302
2312302302
2312402301
2312502305
2312602301
2312702304
2312802302
2312902302
2313002304
2313102305
2313202302
2313252303
2313302304
2313352301
2313402302
2313502301
2313552301
2313602302
2313702303
2313752301
2313802301
2313902302
2313952302
2314002303
2314102302
2400002400
2400102490
2400202490
2400302490
2400402490
2400502490
2400602490
2400702490
2400802490
2400902490
2401002490
2401102490
2401202490
2401302490
2401402490
2401452490
2401502490
2401602490
2401652490
2401702490
2401802490
2401852490
2401902490
2402002490
2402102490
2402202490
2402302490
2402402490
2402502490
2402602490
2402702490
2402802490
2402902490
2403002490
2403102490
2403202490
2403252490
2403302490
2403402490
2403502490
2403602490
2403702490
2403752490
2403802490
2403902490
2404002490
2404102490
2404202490
2404302490
2404402490
2404502490
2404602490
2404702490
2404802490
2404852490
2404902490
2405002490
2405102490
2405202490
2405302490
2405402490
2405502490
2405602490
2405702490
2405802490
2405902490
2406002490
2406102490
2406152490
2406202490
2406302490
2406402490
2406502490
2406602490
2406702490
2406802490
2406902490
2407002490
2407102490
2407202490
2407252490
2407302490
2407402490
2407502490
2407602490
2407702490
2407802490
2407902490
2408002490
2408102490
2408202490
2408302490
2408402490
2408502490
2408602490
2408702490
2408802490
2408902490
2408952490
2409102490
2409202490
2409302490
2409332490
2409402490
2409502490
2409602490
2409702490
2409802490
2409902490
2410002490
2410102490
2410202490
2410252490
2410302490
2410402490
2410502490
2410602490
2410702490
2410802490
2410902490
2411002490
2411052490
2411102490
2411202490
2411402490
2411422490
2411502490
2411602490
2411702490
2411802490
2411902490
2412002490
2412102490
2412202490
2412302490
2412402490
2412502490
2412552490
2412602490
2412702490
2412802490
2412902490
2413002490
2413102490
2413202490
2413302490
2413352490
2413402490
2413502490
2413552490
2413602490
2413702490
2413802490
2413902490
2414002490
2414102490
2414152490
2414202490
2414302490
2414402490
2414452490
2414502490
2414602490
2414702490
2414752490
2414802490
2414902490
2415002490
2500002500
2500102590
2500202590
2500302590
2500402590
2500502590
2500532590
2500572590
2500602590
2500702590
2500732590
2500772590
2500802590
2500902590
2501002590
2501102590
2501152590
2501202590
2501302590
2501352590
2501402590
2501502590
2501532590
2501572590
2501602590
2501702590
2501802590
2501902590
2502002590
2502052590
2502102590
2502152590
2502202590
2502302590
2502402590
2502502590
2502602590
2502702590
2502802590
2502902590
2503002590
2503102590
2503202590
2503302590
2503402590
2503502590
2503552590
2503602590
2503702590
2503752590
2503802590
2503902590
2504002590
2504032590
2504072590
2504102590
2504152590
2504202590
2504302590
2504352590
2504402590
2504502590
2504602590
2504702590
2504802590
2504852590
2504902590
2505002590
2505102590
2505202590
2505232590
2505272590
2505302590
2505352590
2505402590
2505502590
2505602590
2505702590
2505802590
2505902590
2506002590
2506102590
2506202590
2506252590
2506302590
2506402590
2506502590
2506602590
2506702590
2506802590
2506902590
2507002590
2507102590
2507202590
2507302590
2507402590
2507502590
2507602590
2507702590
2507802590
2507902590
2508002590
2508102590
2508202590
2508302590
2508402590
2508502590
2508552590
2508602590
2508702590
2508802590
2508902590
2509002590
2509052590
2509102590
2509152590
2509202590
2509302590
2509332590
2509372590
2509392590
2509402590
2509502590
2509602590
2509702590
2509802590
2509902590
2510002590
2510102590
2510202590
2510302590
2510402590
2510502590
2510602590
2510652590
2510702590
2510802590
2510902590
2511002590
2511102590
2511202590
2511302590
2511402590
2511502590
2511602590
2511702590
2511802590
2511902590
2512002590
2512032590
2512072590
2512102590
2512202590
2512302590
2512402590
2512502590
2512602590
2512702590
2512722590
2512742590
2512752590
2512762590
2512782590
2512802590
2512902590
2513002590
2513102590
2513152590
2513202590
2513302590
2513352590
2513402590
2513502590
2513602590
2513652590
2513702590
2513802590
2513852590
2513902590
2513922590
2513942590
2513962590
2513982590
2514002590
2514102590
2514202590
2514302590
2514402590
2514452590
2514502590
2514552590
2514602590
2514652590
2514702590
2514802590
2514902590
2515002590
2515102590
2515202590
2515302590
2515402590
2515502590
2515602590
2515702590
2515802590
2515902590
2515932590
2515972590
2516002590
2516102590
2516152590
2516202590
2516302590
2516402590
2516502590
2516602590
2516702590
2516752590
2516802590
2516902590
2517002590
2517102590
2517202590
2517402590
2600002600
2600052601
2600102603
2600202604
2600302602
2600402601
2600502602
2600602602
2600702601
2600802602
2600902601
2601002602
2601052601
2601102604
2601202603
2601302602
2601402601
2601502601
2601602604
2601702602
2601802603
2601902602
2602002604
2602102602
2602202601
2602302602
2602402602
2602502603
2602602602
2602702601
2602802603
2602902601
2603002604
2603102602
2603202602
2603302602
2603402603
2603452601
2603502602
2603602601
2603702602
2603802602
2603902603
2603922603
2604002601
2604102602
2604152601
2604202601
2604302604
2604402601
2604502601
2604602601
2604702602
2604802601
2604902601
2605002602
2605102603
2605152604
2605202601
2605302604
2605402601
2605452601
2605502601
2605602603
2605702603
2605802602
2605902601
2606002602
2606102601
2606202601
2606302604
2606402602
2606502602
2606602603
2606702602
2606802601
2606902603
2607002603
2607102603
2607202601
2607302604
2607402603
2607502602
2607602601
2607652601
2607702603
2607752601
2607802601
2607902601
2607952601
2608002602
2608052603
2608102601
2608202601
2608252602
2608302602
2608402602
2608452601
2608502601
2608602602
2608702601
2608752604
2608802602
2608902601
2609002601
2609102601
2609152603
2609202601
2609302604
2609402601
2609502601
2609602601
2609702601
2609802604
2609902604
2610002601
2610102602
2610202602
2610302602
2610402604
2610502601
2610602601
2610702601
2610802603
2610902602
2611002603
2611102604
2611202602
2611302601
2611402601
2611502601
2611532603
2611602601
2611702602
2611802601
2611902601
2612002602
2612102601
2612202604
2612302602
2612402602
2612452604
2612472603
2612502602
2612552604
2612602604
2612702602
2612802603
2612902601
2613002602
2613102602
2613202602
2613302602
2613402601
2613502603
2613602603
2613702601
2613802601
2613902603
2614002604
2614102603
2614202601
2614302604
2614402603
2614502601
2614602603
2614702602
2614802603
2614852601
2615002602
2615102602
2615202604
2615302601
2615402602
2615502601
2615602604
2615702603
2615802603
2615902603
2616002603
2616102604
2616182601
2616202602
2616302601
2616402601
2616502601
2700002700
2700102702
2700202701
2700302702
2700402701
2700502701
2700602701
2700702702
2700802702
2700902702
2701002701
2701102701
2701202702
2701302701
2701352701
2701402701
2701502702
2701602702
2701702701
2701802702
2701902701
2702002702
2702102701
2702202701
2702302701
2702352702
2702402702
2702502702
2702552702
2702602702
2702702701
2702802701
2702902702
2703002701
2703102702
2703202701
2703302702
2703402702
2703502701
2703602701
2703702702
2703752701
2703802701
2703902701
2704002701
2704102702
2704202702
2704302701
2704402702
2704502701
2704602702
2704702701
2704802702
2704902701
2705002702
2705102701
2705202701
2705302702
2705402702
2705502701
2705602701
2705702702
2705802702
2705902702
2706002702
2706102702
2706202702
2706302702
2706402702
2706422702
2706442701
2706502701
2706602701
2706702701
2706802701
2706902701
2707002701
2707102702
2707202702
2707302701
2707402701
2707502701
2707602701
2707702701
2707802701
2707902701
2708002702
2708102701
2708202701
2708302701
2708402702
2708502701
2708602701
2708702701
2708802702
2708902701
2708952702
2709002702
2709102702
2709152701
2709202702
2709302701
2709402701
2800002800
2800102890
2800202890
2800302890
2800402890
2800502890
2800602890
2800672890
2800702890
2801002890
2801102890
2801202890
2801302890
2801402890
2801502890
2801602890
2801702890
2801902890
2802002890
2802102890
2802202890
2802302890
2802402890
2802502890
2802602890
2802702890
2802802890
2802902890
2803002890
2803102890
2803202890
2803302890
2803402890
2803502890
2803602890
2803702890
2803802890
2803902890
2804002890
2804102890
2804202890
2804302890
2804402890
2804452890
2804502890
2804602890
2804702890
2804802890
2804902890
2805002890
2805102890
2805202890
2805302890
2805402890
2805502890
2805602890
2805702890
2805802890
2805902890
2806002890
2806102890
2806202890
2806302890
2806402890
2806502890
2806602890
2806702890
2806802890
2806902890
2807002890
2807102890
2807202890
2807302890
2807402890
2807502890
2807602890
2900002900
2900102901
2900202906
2900302905
2900352905
2900402901
2900502908
2900602909
2900702905
2900802903
2900902909
2901002904
2901102901
2901152902
2901202908
2901302901
2901352906
2901402907
2901502901
2901602905
2901702901
2901802906
2901902905
2901952909
2902002908
2902052905
2902102901
2902202905
2902252909
2902302904
2902402909
2902502907
2902602901
2902652905
2902702907
2902802908
2902902908
2903002902
2903102909
2903202907
2903232902
2903272901
2903302909
2903402903
2903502908
2903602901
2903702909
2903802901
2903902907
2903952908
2904002901
2904052901
2904102908
2904202908
2904302909
2904402907
2904502907
2904602908
2904702909
2904752907
2904802908
2904852904
2904902904
2905002908
2905102902
2905152908
2905202908
2905302902
2905402909
2905502902
2905602909
2905702904
2905802909
2905902906
2906002906
2906102907
2906202902
2906302909
2906402901
2906502904
2906602908
2906702908
2906802901
2906822906
2906852901
2906872902
2906892908
2906902903
2907002905
2907102908
2907202906
2907302904
2907402907
2907502905
2907552908
2907602902
2907702906
2907802905
2907902905
2908002909
2908102907
2908202904
2908302904
2908402901
2908502901
2908602904
2908702908
2908802908
2908902901
2909002908
2909102907
2909202905
2909302907
2909402907
2909502909
2909602905
2909702907
2909802904
2909902906
2910002909
2910052904
2910102908
2910202904
2910302904
2910402908
2910502905
2910602905
2910702901
2910722903
2910752905
2910772907
2910802901
2910852906
2910902908
2911002909
2911102907
2911202909
2911252901
2911302902
2911402906
2911502909
2911602904
2911652908
2911702908
2911802903
2911852905
2911902901
2912002908
2912102909
2912202908
2912302908
2912402902
2912502908
2912602901
2912702909
2912802903
2912902909
2913002901
2913102902
2913202907
2913302901
2913402908
2913452909
2913502908
2913602909
2913702905
2913802901
2913902909
2914002901
2914102907
2914202909
2914302909
2914402901
2914502901
2914602902
2914652903
2914702901
2914802909
2914902909
2915002901
2915102909
2915202909
2915302903
2915352902
2915402909
2915502909
2915602903
2915702909
2915802908
2915902905
2916002903
2916102904
2916202909
2916302903
2916402908
2916502905
2916602909
2916702909
2916802908
2916852904
2916902909
2917002906
2917102908
2917202908
2917302909
2917332908
2917352907
2917402908
2917502902
2917602909
2917702906
2917802904
2917902905
2918002909
2918102906
2918202904
2918302909
2918352902
2918402906
2918452903
2918502902
2918552909
2918602908
2918702909
2918752908
2918802904
2918902903
2919002901
2919052909
2919102901
2919152902
2919202904
2919302901
2919402908
2919502908
2919552907
2919602901
2919702908
2919802908
2919902906
2919922904
2919952908
2920002908
2920102902
2920202908
2920302908
2920402909
2920452907
2920502909
2920602904
2920702909
2920802901
2920902909
2921002904
2921052908
2921102903
2921202902
2921302904
2921402902
2921452908
2921502901
2921602907
2921702902
2921802908
2921902901
2922002903
2922052902
2922102901
2922202904
2922252907
2922302904
2922402904
2922502904
2922602909
2922652901
2922702908
2922732901
2922752909
2922802904
2922852901
2922902905
2923002903
2923032901
2923052905
2923102905
2923202907
2923302905
2923352902
2923402908
2923502901
2923602908
2923702907
2923802905
2923902909
2924002906
2924052901
2924102905
2924202906
2924302901
2924402906
2924502908
2924602906
2924652901
2924672909
2924702908
2924802902
2924902909
2925002908
2925102908
2925202904
2925252906
2925302903
2925402908
2925502903
2925602902
2925702908
2925752904
2925802901
2925902901
2925932902
2925952901
2926002906
2926102901
2926202907
2926302901
2926402908
2926502905
2926602905
2926652908
2926702908
2926802908
2926902908
2927002905
2927102906
2927202901
2927302904
2927402904
2927502901
2927602906
2927702903
2927802909
2927902909
2928002901
2928052909
2928102907
2928202907
2928302901
2928402907
2928502904
2928602904
2928702904
2928802901
2928902907
2928952901
2929002904
2929052907
2929102904
2929202904
2929252902
2929302901
2929352909
2929372902
2929402904
2929502904
2929602904
2929702905
2929752904
2929802902
2929902901
2930002908
2930102906
2930152907
2930202906
2930302907
2930402901
2930502901
2930602902
2930702904
2930752907
2930762905
2930772906
2930802901
2930902907
2931002908
2931052908
2931102901
2931202909
2931302902
2931352903
2931402901
2931502901
2931602909
2931702901
2931802908
2931902901
2932002906
2932102904
2932202909
2932302909
2932402902
2932452902
2932502909
2932602908
2932702909
2932802901
2932902909
2933002901
2933052902
2933102902
2933152902
2933172904
2933202904
2933252903
2933302908
2933402901
2933452907
2933502909
2933602902
3100003100
3100103113
3100203103
3100303110
3100403110
3100503106
3100603106
3100703112
3100803105
3100903111
3101003111
3101103106
3101203101
3101303101
3101403101
3101503107
3101603101
3101633102
3101703111
3101803106
3101903101
3102003101
3102053110
3102103102
3102203106
3102303110
3102403104
3102503110
3102603101
3102703111
3102803107
3102853111
3102903102
3103003106
3103103107
3103203103
3103303107
3103403111
3103503113
3103603107
3103703110
3103753113
3103803109
3103903105
3104003112
3104103101
3104203105
3104303101
3104403107
3104453104
3104503109
3104603107
3104703111
3104803103
3104903101
3105003103
3105103105
3105203111
3105303101
3105403103
3105503107
3105603102
3105703110
3105903102
3106003103
3106103107
3106203103
3106303106
3106403103
3106503111
3106603111
3106653108
3106703103
3106803107
3106903107
3107003103
3107103101
3107203107
3107303108
3107403105
3107503107
3107603101
3107703103
3107803106
3107903101
3108003102
3108103103
3108203109
3108253108
3108303101
3108403101
3108503108
3108553109
3108603108
3108703107
3108803106
3108903101
3109003103
3109103101
3109203103
3109253106
3109303109
3109403108
3109453109
3109503101
3109603103
3109703101
3109803113
3109903103
3110003103
3110103107
3110203110
3110303101
3110403105
3110503101
3110603101
3110703101
3110803111
3110903101
3111003101
3111103113
3111153108
3111203105
3111303101
3111403112
3111503112
3111603101
3111703110
3111803113
3111903105
3112003105
3112053106
3112103107
3112203102
3112303104
3112403101
3112503103
3112603113
3112653106
3112703108
3112803101
3112903110
3113003111
3113103102
3113203102
3113303107
3113403106
3113503104
3113603101
3113703111
3113803103
3113903101
3114003105
3114103101
3114203105
3114303109
3114403101
3114503105
3114553112
3114603101
3114703101
3114803101
3114903102
3115003113
3115103101
3115203102
3115303107
3115353103
3115403102
3115453111
3115473108
3115503101
3115603103
3115703106
3115803113
3115903107
3116003110
3116103104
3116153109
3116203107
3116303102
3116403101
3116503108
3116603105
3116703107
3116803104
3116903112
3117003111
3117103101
3117203101
3117303112
3117403110
3117503103
3117603105
3117703101
3117803101
3117833108
3117873103
3117903101
3118003102
3118103104
3118203112
3118303102
3118403106
3118503101
3118603103
3118703101
3118803108
3118903103
3119003101
3119103103
3119203106
3119303113
3119403106
3119503111
3119603107
3119703102
3119803105
3119903101
3119953105
3120003106
3120103104
3120153111
3120203105
3120303108
3120403102
3120503101
3120603103
3120703109
3120803101
3120833106
3120873108
3120903103
3121003104
3121103101
3121203101
3121253112
3121303107
3121403102
3121503102
3121603104
3121703110
3121803106
3121903107
3122003107
3122103106
3122203106
3122303105
3122353111
3122403101
3122453111
3122473109
3122503106
3122603103
3122703110
3122803101
3122903107
3123003102
3123103103
3123203105
3123303107
3123403101
3123503113
3123523110
3123603101
3123703106
3123803108
3123853106
3123903102
3124003107
3124103103
3124203107
3124303108
3124403101
3124503101
3124603107
3124703105
3124803113
3124903107
3125003107
3125103101
3125203101
3125303107
3125403104
3125503104
3125603111
3125703103
3125803106
3125903103
3125953107
3126003103
3126103105
3126203109
3126303101
3126403103
3126503111
3126603108
3126703108
3126753111
3126803111
3126903106
3126953106
3127003112
3127053111
3127073108
3127103112
3127203103
3127303106
3127333108
3127353108
3127373106
3127383107
3127403101
3127503106
3127603104
3127703106
3127803108
3127903113
3128003103
3128103101
3128203110
3128253108
3128303101
3128403107
3128503107
3128603109
3128703101
3128803107
3128903109
3129003107
3129103113
3129203101
3129303106
3129403102
3129503112
3129603108
3129653108
3129703101
3129803103
3129903101
3130003102
3130053108
3130103103
3130203105
3130303105
3130403101
3130503101
3130553106
3130603101
3130653108
3130703113
3130803101
3130903106
3131003103
3131103103
3131153106
3131203110
3131303106
3131403113
3131503101
3131603113
3131703103
3131803106
3131903103
3132003108
3132103108
3132203105
3132303111
3132403101
3132503104
3132603107
3132703111
3132803103
3132903101
3133003101
3133103101
3133203106
3133303111
3133403112
3133503105
3133603101
3133703105
3133753101
3133803105
3133903102
3134003111
3134103106
3134203113
3134303101
3134403112
3134503101
3134603103
3134703111
3134803101
3134903101
3135003106
3135053108
3135073106
3135103108
3135203108
3135303105
3135353108
3135403102
3135453111
3135503110
3135603108
3135703103
3135803111
3135903101
3136003111
3136103106
3136203103
3136303109
3136403108
3136503111
3136523104
3136553106
3136573108
3136603103
3136653103
3136703107
3136803108
3136903101
3136953108
3137003111
3137103109
3137203105
3137303108
3137403102
3137503109
3137533109
3137603103
3137703110
3137803101
3137903102
3138003107
3138103108
3138203101
3138303105
3138353104
3138403107
3138503107
3138603107
3138623112
3138653108
3138673110
3138683108
3138703101
3138803105
3138903111
3139003101
3139103102
3139203111
3139253108
3139303108
3139403110
3139503110
3139603106
3139703103
3139803107
3139903101
3140003103
3140103106
3140153103
3140203107
3140303106
3140403101
3140503105
3140533110
3140553111
3140603103
3140703103
3140803107
3140853108
3140903110
3141003108
3141103103
3141203109
3141303105
3141403111
3141503106
3141603107
3141703106
3141803104
3141903101
3142003108
3142103107
3142203107
3142253108
3142303103
3142403105
3142503103
3142603101
3142703108
3142803113
3142903108
3143003101
3143103113
3143153111
3143203101
3143303108
3143403101
3143453108
3143503103
3143603103
3143703103
3143803101
3143903107
3144003110
3144103101
3144203106
3144303111
3144353106
3144373109
3144403101
3144503102
3144603101
3144653108
3144673106
3144703103
3144803103
3144903111
3145003113
3145053108
3145103101
3145203105
3145303111
3145353111
3145373108
3145403107
3145453108
3145503101
3145603105
3145703107
3145803105
3145853110
3145873107
3145903102
3146003101
3146103103
3146203111
3146253108
3146303111
3146403103
3146503105
3146553108
3146603102
3146703107
3146753111
3146903103
3147003109
3147103105
3147203101
3147303101
3147403103
3147503103
3147603101
3147703105
3147803107
3147903101
3147953108
3148003109
3148103113
3148203107
3148303110
3148403106
3148503111
3148603106
3148703111
3148753107
3148803110
3148903105
3149003107
3149103101
3149153108
3149203112
3149303103
3149403107
3149503107
3149603103
3149703105
3149803112
3149903101
3149953106
3150003111
3150103107
3150153106
3150203110
3150303102
3150403103
3150503105
3150533106
3150573108
3150603105
3150703112
3150803102
3150903101
3151003101
3151103107
3151203108
3151303107
3151403105
3151503101
3151603112
3151703101
3151803101
3151903110
3152003103
3152103110
3152133108
3152173111
3152203108
3152303110
3152403111
3152503101
3152603101
3152703102
3152803113
3152903101
3153003112
3153103107
3153203103
3153303104
3153403109
3153503110
3153603103
3153703103
3153803102
3153903103
3154003110
3154103107
3154153110
3154203102
3154303106
3154403102
3154453109
3154503108
3154603103
3154703101
3154803103
3154903110
3155003110
3155103111
3155203102
3155303103
3155403107
3155503109
3155603108
3155703103
3155803107
3155903107
3156003103
3156103102
3156203107
3156303107
3156403113
3156453107
3156503108
3156603111
3156703103
3156803103
3156903112
3157003108
3157103111
3157203103
3157253106
3157273107
3157303102
3157333102
3157373108
3157403110
3157503106
3157603108
3157653111
3157703112
3157803103
3157903110
3158003103
3158103111
3158203106
3158303101
3158403107
3158503103
3158603107
3158703102
3158803105
3158903110
3158953106
3159003103
3159103102
3159203101
3159303107
3159353106
3159403102
3159503106
3159603101
3159703109
3159803113
3159903105
3160003107
3160103110
3160203104
3160303111
3160403105
3160453108
3160503103
3160603103
3160703107
3160803101
3160903102
3160953106
3161003103
3161053106
3161103108
3161203105
3161303112
3161403107
3161503107
3161603106
3161653106
3161703109
3161803105
3161903103
3162003101
3162103109
3162203101
3162253108
3162303101
3162403108
3162453108
3162503102
3162553110
3162573106
3162603106
3162653108
3162703108
3162803106
3162903107
3162923103
3162943101
3162953103
3163003106
3163103105
3163203101
3163303111
3163403110
3163503106
3163603110
3163703101
3163803110
3163903101
3164003110
3164103106
3164203108
3164303101
3164403101
3164433107
3164473106
3164503106
3164603105
3164703101
3164803103
3164903101
3165003102
3165103101
3165203101
3165303102
3165403101
3165503106
3165533103
3165553111
3165563110
3165573101
3165603107
3165703107
3165803101
3165903104
3166003102
3166103103
3166203102
3166303110
3166403101
3166503103
3166603105
3166703111
3166803109
3166903101
3166953108
3167003101
3167103104
3167203103
3167303107
3167403101
3167503107
3167603110
3167703106
3167803101
3167903107
3168003108
3168053110
3168103112
3168203105
3168303103
3168403106
3168503110
3168603111
3168703106
3168803102
3168903109
3169003107
3169053101
3169103101
3169203107
3169303101
3169353103
3169403101
3169503106
3169603113
3169703104
3169803101
3169903107
3170003108
3170053106
3170103112
3170203113
3170303111
3170403109
3170433112
3170473109
3170503110
3170523108
3170573106
3170603101
3170653108
3170703101
3170753109
3170803108
3170903108
3171003109
3171033108
3171073104
3171103112
3171153106
3171203103
3171303110
3171403107
3171503106
3171603111
3171703101
3171803103
3171903106
3172003107
3172103107
3172203101
3200003200
3200103290
3200133290
3200163290
3200203290
3200303290
3200353290
3200403290
3200503290
3200603290
3200703290
3200803290
3200903290
3201003290
3201103290
3201153290
3201203290
3201303290
3201403290
3201503290
3201603290
3201703290
3201803290
3201903290
3202003290
3202103290
3202203290
3202253290
3202303290
3202403290
3202453290
3202503290
3202553290
3202603290
3202653290
3202703290
3202803290
3202903290
3203003290
3203053290
3203103290
3203133290
3203163290
3203203290
3203303290
3203323290
3203343290
3203353290
3203403290
3203503290
3203603290
3203703290
3203803290
3203903290
3204003290
3204053290
3204103290
3204203290
3204253290
3204303290
3204353290
3204403290
3204503290
3204553290
3204603290
3204653290
3204703290
3204803290
3204903290
3204953290
3205003290
3205013290
3205033290
3205063290
3205103290
3205153290
3205173290
3205203290
3205303290
3300003300
3300103390
3300153390
3300203390
3300223390
3300233390
3300253390
3300303390
3300403390
3300453390
3300503390
3300603390
3300703390
3300803390
3300903390
3300933390
3300953390
3301003390
3301103390
3301153390
3301203390
3301303390
3301403390
3301503390
3301603390
3301703390
3301803390
3301853390
3301873390
3301903390
3302003390
3302053390
3302103390
3302203390
3302253390
3302273390
3302303390
3302403390
3302453390
3302503390
3302603390
3302703390
3302803390
3302853390
3302903390
3303003390
3303103390
3303203390
3303303390
3303403390
3303503390
3303603390
3303703390
3303803390
3303853390
3303903390
3303953390
3304003390
3304103390
3304113390
3304123390
3304143390
3304153390
3304203390
3304303390
3304403390
3304503390
3304523390
3304553390
3304603390
3304703390
3304753390
3304803390
3304903390
3305003390
3305103390
3305133390
3305153390
3305203390
3305303390
3305403390
3305503390
3305553390
3305603390
3305703390
3305753390
3305803390
3305903390
3306003390
3306103390
3306153390
3306203390
3306303390
3500003500
3500103510
3500203512
3500303515
3500403515
3500503515
3500553509
3500603514
3500703509
3500753508
3500803511
3500903513
3501003513
3501103512
3501153508
3501203512
3501303511
3501403510
3501503510
3501603515
3501703513
3501803512
3501903515
3502003514
3502103512
3502203508
3502303509
3502403511
3502503517
3502603512
3502703508
3502753508
3502803512
3502903508
3503003513
3503103509
3503153517
3503203513
3503303514
3503353510
3503403509
3503503517
3503603509
3503703512
3503803515
3503903502
3503953512
3504003510
3504103516
3504203512
3504303509
3504403512
3504503509
3504603512
3504703509
3504803512
3504903517
3505003509
3505103512
3505203509
3505303509
3505353508
3505403507
3505503513
3505603513
3505703505
3505803510
3505903513
3506003509
3506103513
3506203512
3506303510
3506353507
3506403512
3506503512
3506603502
3506703513
3506803509
3506903509
3507003508
3507103516
3507153508
3507203510
3507303509
3507403513
3507453509
3507503509
3507603516
3507703512
3507753512
3507803513
3507903509
3508003508
3508103512
3508203513
3508303509
3508403516
3508503517
3508603517
3508703515
3508803509
3508903511
3509003503
3509103511
3509203503
3509253507
3509303513
3509403513
3509453508
3509503515
3509603516
3509703517
3509803510
3509903507
3509953517
3510003510
3510103513
3510153510
3510203508
3510303508
3510403514
3510503517
3510603505
3510703512
3510803515
3510903513
3511003512
3511103512
3511203512
3511303512
3511403509
3511503508
3511603508
3511703514
3511903512
3512003513
3512103513
3512203514
3512303509
3512403514
3512503512
3512603509
3512703514
3512803515
3512903512
3513003504
3513103513
3513203513
3513303510
3513403517
3513503507
3513603517
3513703513
3513803501
3513853512
3513903515
3514003513
3514103509
3514203512
3514303513
3514403511
3514503509
3514603513
3514703510
3514803507
3514903514
3514923512
3514953512
3515003504
3515103504
3515123511
3515153514
3515183515
3515193510
3515203512
3515303511
3515353511
3515403509
3515503512
3515603512
3515653510
3515703502
3515803511
3515903512
3516003510
3516103510
3516203513
3516303503
3516403503
3516503512
3516603510
3516703510
3516803512
3516853513
3516903512
3517003509
3517103512
3517203509
3517303510
3517403513
3517503512
3517603508
3517703513
3517803512
3517903513
3518003512
3518103510
3518203512
3518303502
3518403517
3518503508
3518603513
3518703507
3518803502
3518853513
3518903512
3519003510
3519053515
3519073515
3519103509
3519203510
3519253509
3519303513
3519403512
3519503510
3519603513
3519703508
3519803512
3519903511
3520003509
3520103513
3520203517
3520303507
3520403517
3520423507
3520443512
3520503515
3520603511
3520703512
3520803510
3520903510
3521003508
3521103514
3521153512
3521203507
3521303513
3521403514
3521503512
3521603511
3521703508
3521803509
3521903512
3522003509
3522103507
3522153508
3522203504
3522303508
3522403508
3522503505
3522603515
3522653508
3522703513
3522803509
3522903509
3523003512
3523103502
3523203508
3523303507
3523403515
3523503509
3523603514
3523703513
3523803515
3523903508
3524003516
3524103513
3524203513
3524303513
3524403517
3524503512
3524603507
3524703515
3524803512
3524903517
3525003505
3525103513
3525203516
3525303509
3525403513
3525503516
3525603511
3525703512
3525803510
3525853508
3525903516
3526003511
3526103507
3526203504
3526303517
3526403509
3526503512
3526603517
3526703514
3526803509
3526903514
3527003515
3527103509
3527203517
3527253512
3527303516
3527403510
3527503509
3527603513
3527703512
3527803510
3527903510
3528003509
3528103512
3528203512
3528303512
3528403508
3528503503
3528603509
3528703511
3528803510
3528853512
3528903510
3529003510
3529103512
3529203511
3529303513
3529403501
3529503512
3529603512
3529653512
3529703513
3529803509
3529903507
3530003512
3530103512
3530203511
3530303512
3530403512
3530503515
3530603502
3530703515
3530803515
3530903514
3531003512
3531103507
3531203515
3531303513
3531403512
3531503513
3531603511
3531703517
3531803515
3531903513
3532003515
3532053513
3532103512
3532153511
3532203511
3532303517
3532403516
3532503512
3532603512
3532703512
3532803512
3532823508
3532843512
3532863512
3532903513
3533003512
3533103511
3533203512
3533253512
3533303512
3533403515
3533503512
3533603513
3533703510
3533803510
3533903513
3534003512
3534103510
3534203512
3534303513
3534403505
3534503510
3534603510
3534703510
3534753512
3534803511
3534903510
3535003512
3535103512
3535203512
3535303510
3535403511
3535503510
3535603517
3535703512
3535803509
3535903512
3536003510
3536103509
3536203507
3536253512
3536303513
3536403511
3536503515
3536573509
3536603512
3536703509
3536803516
3536903512
3537003513
3537103515
3537153510
3537203507
3537303512
3537403512
3537503509
3537603507
3537703512
3537803508
3537903508
3538003517
3538103512
3538203516
3538303511
3538503517
3538603516
3538703514
3538803509
3538903509
3539003512
3539103505
3539203511
3539303514
3539403509
3539503513
3539603512
3539703510
3539803502
3539903512
3540003510
3540103509
3540203513
3540253512
3540303512
3540403512
3540503509
3540603508
3540703513
3540753517
3540803512
3540853510
3540903513
3541003507
3541053509
3541103509
3541203511
3541303511
3541403511
3541503511
3541603509
3541653508
3541703511
3541803510
3541903517
3542003510
3542103514
3542203511
3542303517
3542403511
3542503509
3542603507
3542703513
3542803508
3542903513
3543003508
3543103513
3543203510
3543233511
3543253508
3543303501
3543403513
3543503508
3543603513
3543703513
3543803510
3543903514
3544003514
3544103501
3544203512
3544253511
3544303517
3544403512
3544503512
3544603509
3544703510
3544803512
3544903513
3545003502
3545103510
3545153514
3545203508
3545303508
3545403510
3545503511
3545603512
3545703512
3545803515
3546003517
3546103512
3546203514
3546253513
3546303515
3546403510
3546503513
3546603512
3546703514
3546803502
3546903513
3547003514
3547103511
3547203512
3547303505
3547403512
3547503513
3547603513
3547653512
3547703511
3547803501
3547903513
3548003515
3548053512
3548103515
3548203517
3548303511
3548403512
3548503507
3548603517
3548703501
3548803501
3548903513
3549003512
3549103515
3549203512
3549253512
3549303511
3549403513
3549503513
3549603517
3549703515
3549803512
3549903517
3549953504
3550003517
3550103509
3550203508
3550303506
3550403514
3550503510
3550603508
3550703517
3550803515
3550903513
3551003507
3551103508
3551203509
3551303512
3551403513
3551503513
3551603515
3551703513
3551803507
3551903513
3552003517
3552103516
3552203508
3552303512
3552403515
3552503502
3552553512
3552603512
3552703513
3552803504
3552903511
3553003509
3553103513
3553203513
3553303515
3553403512
3553503508
3553603515
3553653513
3553703513
3553803509
3553853508
3553903511
3553953510
3554003508
3554103517
3554203509
3554303511
3554403513
3554503508
3554603510
3554653509
3554703509
3554753513
3554803517
3554903512
3554953516
3555003510
3555103511
3555203512
3555303512
3555353512
3555403517
3555503510
3555603512
3555703512
3555803512
3555903509
3556003512
3556103512
3556203515
3556303512
3556353516
3556403515
3556453504
3556503516
3556603510
3556703515
3556803513
3556903513
3556953512
3557003508
3557103512
3557153512
3557203510
3557303515
4100004100
4100104102
4100204101
4100304101
4100404101
4100454104
4100504104
4100604104
4100704104
4100804102
4100904104
4101004103
4101054103
4101104102
4101154104
4101204101
4101304101
4101404102
4101504102
4101604101
4101654102
4101704104
4101804101
4101854102
4101904102
4102004103
4102104104
4102204104
4102304101
4102404102
4102504104
4102604103
4102704102
4102754103
4102804102
4102904101
4103004104
4103024103
4103044101
4103054103
4103104101
4103154103
4103204102
4103224103
4103304102
4103354103
4103374104
4103404102
4103454103
4103474104
4103504102
4103604102
4103704102
4103804102
4103904104
4103954101
4104004101
4104054103
4104104101
4104204101
4104254101
4104304104
4104404102
4104424101
4104454101
4104504103
4104604103
4104654101
4104704102
4104804103
4104904101
4105004103
4105104102
4105204101
4105304103
4105404103
4105504104
4105604104
4105704103
4105804101
4105904104
4106004102
4106104102
4106204101
4106304103
4106404102
4106454103
4106504103
4106554104
4106574103
4106604104
4106704104
4106804101
4106854102
4106904101
4107004101
4107104104
4107124103
4107154103
4107204103
4107254104
4107304104
4107404103
4107504104
4107524104
4107534103
4107544103
4107554104
4107604102
4107654101
4107704104
4107734101
4107754102
4107804104
4107854103
4107904104
4108004102
4108104104
4108204103
4108304103
4108324104
4108404103
4108454101
4108504101
4108554102
4108604104
4108654101
4108704102
4108804103
4108904104
4108954101
4109004102
4109104104
4109204102
4109304103
4109404101
4109504101
4109604101
4109654103
4109704102
4109754103
4109804102
4109904104
4110004104
4110054103
4110074101
4110104101
4110204101
4110304104
4110404104
4110504101
4110604104
4110654103
4110704101
4110804104
4110904104
4110954103
4111004102
4111104104
4111204103
4111254101
4111304104
4111404101
4111504102
4111554104
4111604104
4111704102
4111804102
4111904102
4112004101
4112104102
4112204104
4112304102
4112404104
4112504102
4112604104
4112704102
4112754103
4112804102
4112904102
4112954104
4113004104
4113104102
4113204101
4113254101
4113304101
4113404102
4113424102
4113454103
4113504104
4113604104
4113704102
4113734104
4113754102
4113804102
4113904101
4114004104
4114104104
4114204104
4114304101
4114354103
4114404103
4114504102
4114604103
4114704104
4114804104
4114904102
4115004104
4115104104
4115204104
4115304103
4115354103
4115404103
4115454101
4115504102
4115604103
4115704101
4115734102
4115754102
4115804103
4115854103
4115904104
4116004102
4116054103
4116104104
4116204101
4116304104
4116404104
4116504104
4116604102
4116704103
4116804104
4116904104
4116954103
4117004102
4117054101
4117104104
4117204104
4117214102
4117224103
4117254103
4117274102
4117294102
4117304101
4117404104
4117454103
4117504104
4117604103
4117704101
4117804101
4117904103
4118004104
4118104104
4118204101
4118304104
4118404104
4118454103
4118504103
4118604101
4118704101
4118804104
4118854104
4118904104
4119004103
4119104101
4119154101
4119204102
4119254103
4119304101
4119404101
4119504101
4119604101
4119654102
4119704104
4119804103
4119904101
4119954101
4120004102
4120104101
4120154101
4120204104
4120304101
4120334102
4120354103
4120404104
4120504102
4120604101
4120654104
4120704102
4120804101
4120854103
4120904103
4121004104
4121104104
4121204101
4121254103
4121304102
4121354104
4121404103
4121504101
4121604103
4121704101
4121754101
4121804102
4121904102
4122004101
4122104102
4122154101
4122174102
4122204101
4122304101
4122404102
4122504104
4122604104
4122654102
4122704102
4122804103
4122904102
4123004103
4123104102
4123204102
4123304104
4123404104
4123504103
4123604104
4123704104
4123804103
4123824103
4123854102
4123904102
4123954104
4124004102
4124024103
4124054103
4124104102
4124204104
4124304102
4124404103
4124504104
4124604104
4124704102
4124804103
4124904104
4125004102
4125104101
4125204103
4125304104
4125354104
4125404102
4125454103
4125504101
4125554104
4125604101
4125704103
4125754103
4125804102
4125904104
4126004102
4126104104
4126204102
4126254104
4126274103
4126304101
4126354103
4126404102
4126504102
4126604102
4126654103
4126674102
4126704104
4126804104
4126904104
4127004101
4127104101
4127204104
4127304104
4127404103
4127504101
4127604101
4127704103
4127804102
4127854103
4127884101
4127904104
4127954103
4127964101
4128004104
4128104104
4128204101
4128304104
4128404102
4128504102
4128534101
4128554103
4128604103
4128624104
4128634101
4128654101
4128704103
4128804104
4200004200
4200054202
4200104201
4200204203
4200304203
4200404202
4200504201
4200554201
4200604205
4200704205
4200754202
4200804201
4200904205
4201004209
4201104205
4201204205
4201254203
4201274202
4201304207
4201404206
4201504206
4201604202
4201654202
4201704203
4201804203
4201904203
4201954206
4202004204
4202054207
4202074206
4202084201
4202094201
4202104207
4202134208
4202154201
4202204203
4202304205
4202404203
4202434209
4202454204
4202504209
4202534201
4202574201
4202604209
4202704203
4202804206
4202854203
4202874202
4202904203
4203004202
4203104201
4203154202
4203204204
4203254209
4203304208
4203404209
4203504201
4203604202
4203704205
4203804208
4203904202
4203954206
4204004202
4204104201
4204154202
4204174209
4204194203
4204204201
4204254206
4204304202
4204354201
4204404201
4204454201
4204504207
4204554209
4204604206
4204704201
4204754201
4204804202
4204904201
4205004201
4205104203
4205154203
4205174201
4205194206
4205204202
4205304201
4205354201
4205404205
4205434201
4205454206
4205504202
4205554202
4205604201
4205704205
4205804207
4205904203
4206004205
4206104206
4206204206
4206304203
4206404201
4206504207
4206604201
4206654201
4206704202
4206754202
4206804202
4206904203
4207004206
4207104204
4207204206
4207304206
4207404203
4207504203
4207574202
4207604202
4207654201
4207684201
4207704202
4207754201
4207804202
4207854201
4207904208
4208004202
4208104208
4208204204
4208304204
4208404201
4208454207
4208504203
4208604202
4208704206
4208804206
4208904207
4208954201
4209004202
4209104207
4209154203
4209174201
4209204202
4209304209
4209404206
4209454201
4209504203
4209604206
4209704202
4209804205
4209854202
4209904203
4210004204
4210034202
4210054202
4210104208
4210204205
4210304208
4210404206
4210504201
4210554201
4210604207
4210704202
4210804206
4210854203
4210904201
4211004201
4211054202
4211104208
4211204206
4211254206
4211304204
4211404201
4211454201
4211504205
4211604206
4211654201
4211704206
4211754209
4211804202
4211854201
4211874202
4211894209
4211904205
4212004201
4212054209
4212104201
4212204208
4212234201
4212254206
4212274201
4212304205
4212404206
4212504204
4212604202
4212654206
4212704203
4212804204
4212904201
4213004202
4213104202
4213154201
4213204203
4213304209
4213354202
4213404201
4213504204
4213604208
4213704203
4213804206
4213904202
4214004203
4214104203
4214154201
4214204201
4214304205
4214404202
4214504203
4214604203
4214704203
4214804203
4214904206
4215004208
4215054209
4215074201
4215104203
4215204201
4215304203
4215354201
4215404202
4215454206
4215504202
4215554201
4215604206
4215654206
4215674203
4215684201
4215694201
4215704205
4215754201
4215804208
4215904205
4216004201
4216054202
4216104201
4216204207
4216254201
4216304205
4216354207
4216404206
4216504209
4216604205
4216704201
4216804209
4216904201
4217004206
4217104206
4217154201
4217204201
4217254205
4217304201
4217404207
4217504202
4217554201
4217604206
4217704206
4217754201
4217804203
4217904202
4217954201
4218004205
4218104206
4218204203
4218254202
4218304208
4218354206
4218404206
4218504202
4218604203
4218704206
4218754201
4218804206
4218854201
4218904209
4218954209
4219004206
4219104201
4219154202
4219174202
4219204203
4219304202
4219354203
4219404203
4219504201
4219604202
4219704201
4219854202
4220004206
4300004300
4300034306
4300054304
4300104301
4300204303
4300304303
4300404301
4300454303
4300474304
4300504304
4300554304
4300574305
4300604302
4300634306
4300644304
4300664304
4300704307
4300804305
4300854302
4300874302
4300904304
4301004307
4301054302
4301074306
4301104302
4301204307
4301304306
4301404304
4301504303
4301554304
4301604306
4301634302
4301654302
4301704304
4301754302
4301804304
4301854304
4301874301
4301904302
4301924304
4301954304
4302004304
4302054304
4302104305
4302154304
4302204303
4302224303
4302234303
4302254305
4302304305
4302354305
4302374304
4302404307
4302454307
4302504303
4302584303
4302604304
4302654302
4302704302
4302804307
4302904301
4303004307
4303104302
4303204304
4303304303
4303404304
4303504302
4303554304
4303604302
4303674305
4303704303
4303804304
4303904302
4304004303
4304104304
4304204307
4304304303
4304354306
4304404305
4304504306
4304604302
4304614307
4304624304
4304634302
4304654301
4304664306
4304674302
4304684302
4304694307
4304704304
4304714302
4304804305
4304854304
4304904304
4304954304
4305004303
4305104305
4305114304
4305124306
4305134307
4305154304
4305174302
4305204303
4305304304
4305354302
4305374304
4305404303
4305434306
4305444302
4305454302
4305504304
4305584307
4305604303
4305704303
4305804304
4305834307
4305854304
4305874303
4305904304
4305934305
4305954305
4305974304
4306004303
4306054306
4306074304
4306104303
4306134304
4306204307
4306304304
4306324304
4306354303
4306374301
4306404302
4306424304
4306454307
4306504302
4306554302
4306604306
4306704301
4306734303
4306754307
4306764302
4306804307
4306904307
4306924304
4306934303
4306954304
4306974304
4307004304
4307054304
4307104306
4307204304
4307304304
4307404305
4307454304
4307504304
4307554304
4307604302
4307704302
4307804307
4307814307
4307834303
4307864305
4307904305
4308004301
4308054304
4308074307
4308104305
4308204305
4308254304
4308304304
4308404301
4308434307
4308454303
4308504304
4308604305
4308654303
4308704304
4308804302
4308854304
4308904304
4309004303
4309054302
4309104305
4309124304
4309154307
4309204302
4309254305
4309304302
4309404305
4309504303
4309554302
4309574307
4309604303
4309654306
4309704303
4309754307
4309804304
4309904304
4309954304
4310004303
4310104302
4310204303
4310304307
4310334302
4310364307
4310404303
4310414303
4310434305
4310464304
4310504304
4310534301
4310554301
4310574304
4310604301
4310654302
4310704304
4310754301
4310804302
4310854304
4310874303
4310904304
4311004306
4311104301
4311124305
4311134301
4311154303
4311204301
4311234307
4311254304
4311274304
4311304304
4311404307
4311424304
4311504306
4311604304
4311624302
4311644305
4311704304
4311714301
4311734302
4311754301
4311774302
4311794302
4311804304
4311904304
4311984302
4312004304
4312054307
4312104301
4312134304
4312154307
4312174303
4312204304
4312254302
4312304304
4312354304
4312374305
4312384305
4312404302
4312424304
4312444302
4312454306
4312474302
4312504302
4312604307
4312614305
4312624304
4312654304
4312674304
4312704304
4312754304
4312804305
4312904305
4312954304
4313004307
4313014303
4313034301
4313064302
4313084305
4313104301
4313204305
4313304305
4313334303
4313354305
4313374302
4313394307
4313404302
4313424303
4313444304
4313464304
4313494304
4313504302
4313604304
4313654302
4313704304
4313804304
4313904303
4313954307
4314004305
4314024301
4314034302
4314054302
4314064307
4314074307
4314104304
4314134304
4314154307
4314174306
4314204306
4314304303
4314404306
4314424305
4314454304
4314464305
4314474301
4314494304
4314504306
4314534305
4314544305
4314554303
4314604306
4314704304
4314754307
4314774304
4314784304
4314804302
4314904302
4315004303
4315054303
4315074303
4315104303
4315134307
4315144302
4315154307
4315174305
4315204307
4315304301
4315314304
4315324301
4315354303
4315404304
4315454307
4315504301
4315554304
4315604306
4315704307
4315754302
4315804307
4315904304
4315954303
4316004302
4316104304
4316204304
4316304303
4316404301
4316424304
4316434303
4316454303
4316474303
4316504302
4316604304
4316704303
4316734304
4316754307
4316804307
4316904301
4316954302
4316974301
4317004306
4317104301
4317204303
4317254305
4317304306
4317404301
4317504303
4317554304
4317604302
4317704303
4317754304
4317804303
4317904303
4317954304
4318004303
4318054304
4318104301
4318204302
4318304301
4318404302
4318424304
4318434301
4318444305
4318454304
4318464307
4318484302
4318494303
4318504306
4318604304
4318614302
4318624305
4318704302
4318804306
4318904303
4319004305
4319104303
4319124301
4319154303
4319204303
4319304303
4319354302
4319364304
4319374303
4319404301
4319504302
4319604301
4319704304
4319714307
4319734303
4319754305
4319804301
4319904302
4320004302
4320104304
4320204304
4320234303
4320264307
4320304303
4320324303
4320354302
4320404304
4320454307
4320504304
4320554302
4320574303
4320604304
4320654301
4320674307
4320704307
4320804304
4320854302
4320904304
4321004304
4321104302
4321204302
4321304307
4321324304
4321354302
4321404304
4321434302
4321454307
4321464304
4321474304
4321494301
4321504302
4321604302
4321624307
4321634304
4321664302
4321704302
4321804303
4321834302
4321854304
4321904304
4321954304
4322004302
4322104303
4322154304
4322184304
4322204303
4322254302
4322304303
4322324306
4322344303
4322354305
4322374301
4322404301
4322504305
4322524307
4322534307
4322544305
4322554304
4322604307
4322704307
4322804305
4322854307
4322904304
4323004302
4323104304
4323204304
4323304305
4323354304
4323404304
4323454301
4323504304
4323604305
4323704304
4323754303
4323774307
4323804302
5000005000
5000205090
5000255090
5000605090
5000705090
5000805090
5000855090
5000905090
5001005090
5001105090
5001245090
5001505090
5001905090
5002005090
5002105090
5002155090
5002205090
5002305090
5002405090
5002605090
5002705090
5002805090
5002905090
5002955090
5003105090
5003155090
5003205090
5003255090
5003305090
5003455090
5003485090
5003505090
5003705090
5003755090
5003805090
5003905090
5004005090
5004105090
5004305090
5004405090
5004505090
5004605090
5004705090
5004805090
5004905090
5005005090
5005105090
5005155090
5005205090
5005255090
5005405090
5005605090
5005685090
5005705090
5005805090
5006005090
5006205090
5006255090
5006275090
5006305090
5006355090
5006405090
5006605090
5006905090
5007105090
5007205090
5007305090
5007405090
5007505090
5007555090
5007695090
5007705090
5007805090
5007905090
5007935090
5007955090
5007975090
5008005090
5008305090
5008405090
5100005100
5100105190
5100205190
5100255190
5100305190
5100355190
5100405190
5100505190
5100605190
5100805190
5101005190
5101205190
5101255190
5101305190
5101405190
5101605190
5101705190
5101805190
5101855190
5101905190
5102505190
5102605190
5102635190
5102675190
5102685190
5102695190
5102705190
5102795190
5102855190
5103005190
5103055190
5103105190
5103205190
5103255190
5103305190
5103355190
5103365190
5103375190
5103405190
5103435190
5103455190
5103505190
5103605190
5103705190
5103805190
5103855190
5103905190
5103955190
5104105190
5104205190
5104505190
5104525190
5104545190
5104555190
5104605190
5104805190
5104905190
5105005190
5105105190
5105155190
5105175190
5105205190
5105235190
5105255190
5105305190
5105505190
5105585190
5105605190
5105625190
5105905190
5106005190
5106105190
5106155190
5106175190
5106185190
5106195190
5106205190
5106215190
5106225190
5106235190
5106245190
5106255190
5106265190
5106275190
5106285190
5106295190
5106305190
5106315190
5106375190
5106425190
5106455190
5106505190
5106655190
5106705190
5106755190
5106775190
5106805190
5106825190
5106855190
5107005190
5107045190
5107065190
5107105190
5107155190
5107185190
5107195190
5107205190
5107245190
5107265190
5107295190
5107305190
5107355190
5107405190
5107575190
5107605190
5107705190
5107745190
5107755190
5107765190
5107775190
5107795190
5107805190
5107855190
5107875190
5107885190
5107905190
5107925190
5107945190
5107955190
5108005190
5108055190
5108105190
5108205190
5108305190
5108355190
5108405190
5108505190
5108605190
5108805190
5108855190
5108905190
5108955190
5200005200
5200055201
5200105203
5200135204
5200155201
5200175202
5200205205
5200255202
5200305203
5200405298
5200505205
5200555203
5200605202
5200705298
5200805202
5200825203
5200855201
5200905201
5201005298
5201105203
5201205205
5201305201
5201405205
5201455204
5201505204
5201605201
5201705201
5201805205
5201905298
5202005298
5202105298
5202155201
5202205298
5202305298
5202355201
5202405298
5202505201
5202555298
5202605201
5202705298
5202805201
5202905298
5203005298
5203105201
5203205203
5203305205
5203405201
5203505205
5203555205
5203575203
5203605201
5203705298
5203805201
5203905205
5203935201
5203965202
5204005202
5204105204
5204205201
5204255205
5204305204
5204405204
5204505205
5204555205
5204605201
5204655203
5204705203
5204805205
5204855203
5204905202
5204955203
5205005203
5205055204
5205105205
5205205201
5205305202
5205405203
5205455205
5205475204
5205495202
5205505298
5205515203
5205525203
5205605298
5205705201
5205805203
5205905205
5206005298
5206105298
5206205202
5206305205
5206405203
5206505205
5206605205
5206705202
5206805201
5206905205
5207005298
5207105201
5207205298
5207255204
5207305298
5207355205
5207405205
5207505203
5207535201
5207555298
5207605201
5207655298
5207705298
5207805201
5207905202
5208005202
5208105203
5208155203
5208205298
5208305202
5208405203
5208505205
5208605203
5208705201
5208805201
5208905201
5209005298
5209105205
5209155205
5209205201
5209295201
5209305298
5209405202
5209455203
5209505298
5209605201
5209705205
5209805203
5209905202
5209935205
5209955205
5210005201
5210105205
5210155203
5210205201
5210305201
5210405201
5210505298
5210565201
5210605203
5210705298
5210805204
5210905203
5211005201
5211105298
5211205201
5211305204
5211405201
5211505205
5211605201
5211705205
5211805203
5211905204
5212005201
5212055201
5212105205
5212205201
5212255204
5212305205
5212405298
5212505202
5212605205
5212705202
5212805203
5212905205
5212955201
5213005204
5213055203
5213085203
5213105204
5213205298
5213305298
5213405201
5213505202
5213605298
5213705201
5213755204
5213775203
5213805205
5213855203
5213905201
5214005201
5214055203
5214105203
5214205298
5214305298
5214405201
5214505201
5214605203
5214705203
5214805205
5214835201
5214865203
5214875203
5214885298
5214905202
5215005201
5215105298
5215205201
5215235202
5215255203
5215305205
5215405201
5215505205
5215605203
5215655201
5215705201
5215755298
5215805205
5215905201
5216005205
5216105298
5216205298
5216305204
5216405201
5216455204
5216505298
5216605298
5216705298
5216805201
5216905203
5217005298
5217105205
5217205201
5217305203
5217405205
5217505298
5217605202
5217705205
5217805298
5217905298
5218005203
5218055204
5218105204
5218205298
5218305202
5218395205
5218405298
5218505204
5218605203
5218705203
5218755298
5218785205
5218805204
5218905203
5219005201
5219105201
5219205205
5219255201
5219305204
5219355203
5219405204
5219455203
5219505201
5219605203
5219705203
5219715204
5219735201
5219755202
5219805202
5219905201
5220005202
5220055201
5220105201
5220155203
5220205203
5220265205
5220285203
5220305298
5220405204
5220455205
5220505204
5220605205
5220655298
5220685202
5220705202
5220805298
5220905298
5221005201
5221085202
5221105298
5221195203
5221205298
5221305205
5221405201
5221455203
5221505201
5221555204
5221575203
5221605203
5221705203
5221805205
5221855202
5221905205
5222005205
5222055205
5222085298
5222105298
5222205202
5222305203
5300105301
