00000000000
11000011000
11000111900
11000211900
11000311900
11000411900
11000511900
11000611900
11000711900
11000811900
11000911900
11001011900
11001111900
11001211900
11001311900
11001411900
11001511900
11001811900
11002011900
11002511900
11002611900
11002811900
11002911900
11003011900
11003211900
11003311900
11003411900
11003711900
11004011900
11004511900
11005011900
11006011900
11007011900
11008011900
11009011900
11009211900
11009411900
11010011900
11011011900
11012011900
11013011900
11014011900
11014311900
11014511900
11014611900
11014711900
11014811900
11014911900
11015011900
11015511900
11016011900
11017011900
11017511900
11018011900
12000012000
12000112900
12000512900
12001012900
12001312900
12001712900
12002012900
12002512900
12003012900
12003212900
12003312900
12003412900
12003512900
12003812900
12003912900
12004012900
12004212900
12004312900
12004512900
12005012900
12006012900
12007012900
12008012900
13000013000
13000213900
13000613900
13000813900
13001013900
13001413900
13002013900
13003013010
13004013900
13005013900
13006013900
13006313900
13006813900
13007013900
13008013900
13008313900
13009013900
13010013900
13011013010
13011513010
13012013900
13013013900
13014013900
13015013900
13016013900
13016513900
13017013900
13018013900
13018513010
13019013010
13019513900
13020013010
13021013900
13022013900
13023013900
13024013900
13025013010
13025513010
13026013010
13027013900
13028013900
13029013900
13030013900
13031013900
13032013010
13033013900
13034013900
13035013900
13035313010
13035613010
13036013900
13037013900
13038013900
13039013900
13039513900
13040013010
13040613900
13041013900
13042013900
13042313900
13042613900
13043013900
13044013900
14000014000
14000214900
14000514010
14001014010
14001514010
14001714010
14002014030
14002314020
14002814030
14003014010
14004014900
14004514900
14004714020
14005014020
14006014020
14007014900
15000015000
15001015900
15001315900
15002015900
15003015900
15003415900
15004015900
15005015900
15006015900
15007015900
15008015010
15008515900
15009015900
15009515900
15010015900
15011015900
15012015900
15012515900
15013015900
15014015010
15014515020
15015015010
15015715900
15016015900
15017015900
15017215900
15017515900
15017815900
15018015900
15019015900
15019515900
15020015900
15021015900
15021515900
15022015900
15023015900
15024015010
15025015900
15026015900
15027015900
15027515900
15027615900
15027715900
15028015900
15028515900
15029015900
15029315900
15029515900
15030015900
15030415900
15030715900
15030915900
15031015900
15032015900
15033015900
15034015900
15034515900
15035015900
15036015900
15037015900
15037515900
15038015900
15039015900
15040015900
15040515900
15041015900
15042015900
15043015900
15044015900
15044215010
15044515900
15045015900
15046015900
15047015900
15047515020
15048015900
15049015900
15049515900
15049715900
15050015900
15050315900
15050615900
15051015900
15052015900
15053015900
15054015900
15054315900
15054815900
15054915900
15055015900
15055315900
15055515900
15056015900
15056315900
15056515900
15057015900
15058015900
15059015900
15060015900
15061015900
15061115900
15061315900
15061615900
15061815900
15061915900
15062015900
15063015900
15063515010
15064015900
15065015010
15065515900
15065815900
15066015900
15067015900
15068015020
15069015900
15070015900
15071015900
15071515900
15072015900
15073015900
15074015900
15074515900
15074615900
15074715900
15075015900
15076015900
15077015900
15077515900
15078015900
15079015900
15079515900
15079615900
15079715900
15080015900
15080315900
15080515900
15080815900
15081015900
15081215900
15081515900
15082015900
15083015900
15083515900
15084015900
16000016000
16000516900
16001016900
16001516900
16002016900
16002116900
16002316900
16002516900
16002716900
16003016010
16004016900
16005016900
16005316900
16005516900
16006016010
16007016900
16008016900
17000017000
17002517900
17003017900
17003517020
17004017900
17007017020
17010017900
17010517900
17011017010
17013017900
17019017900
17020017020
17021017900
17021517900
17022017900
17023017900
17024017900
17025517900
17027017900
17029017900
17030017900
17030517900
17030717900
17031017010
17032017900
17033017900
17036017900
17037017010
17038017900
17038217900
17038417900
17038617020
17038817900
17038917900
17039017900
17041017900
17046017900
17051017900
17055017900
17055517900
17056017900
17060017900
17061017900
17062517020
17065017900
17070017900
17071017900
17072017900
17073017020
17074017900
17075517010
17076517020
17077017900
17082017020
17082517900
17083017900
17090017900
17093017900
17095017020
17098017010
17105017900
17107017900
17109017900
17111017900
17115017020
17118017900
17119017020
17119517900
17120017010
17121517900
17124017900
17124517900
17125017900
17127017900
17128017900
17132017010
17133017010
17136017010
17137017900
17138017900
17139517900
17142017900
17143017900
17148817900
17150017900
17151017900
17151517900
17152517900
17155017010
17157017900
17157517020
17161017010
17162017900
17163017900
17165017900
17166017020
17166517900
17167017900
17170017900
17172017900
17175017900
17178017900
17179017900
17180017900
17182017010
17183017900
17184017900
17184517010
17185017900
17185517900
17186517900
17187017900
17187517900
17188017900
17188417020
17188617900
17188817900
17188917900
17189017900
17190017900
17200017900
17201017900
17201517900
17202017900
17202517020
17203017900
17204917020
17206517010
17208017900
17208517020
17209017900
17209317900
17209717020
17210017010
17211017010
17212017900
17212517900
17213017900
17220817900
17221017900
21000021000
21000521900
21001021900
21001521900
21002021010
21003021900
21004021900
21004321900
21004721900
21005021900
21005521900
21006021900
21007021900
21008021900
21008321900
21008721900
21009021900
21009521900
21010021900
21011021010
21012021900
21012521010
21013021900
21013521900
21014021900
21015021900
21016021900
21017021900
21017321900
21017721900
21018021900
21019021900
21019321900
21019721900
21020021900
21020321900
21020721900
21021021900
21021521900
21022021900
21023021900
21023221900
21023521020
21023721010
21024021900
21025021900
21025521900
21026021900
21027021900
21027521900
21028021900
21029021900
21030021900
21031021900
21031221900
21031521900
21031721900
21032021900
21032521900
21033021900
21034021900
21035021900
21035521900
21036021900
21037021900
21037521020
21038021900
21039021900
21040021900
21040521900
21040721900
21040821900
21040921900
21041021900
21042021900
21043021900
21044021900
21045021900
21045521020
21046021900
21046221900
21046521900
21046721900
21047021900
21048021900
21049021900
21050021900
21051021010
21051521900
21052021900
21053021020
21053521900
21054021900
21054221900
21054521900
21054721900
21055021020
21056021900
21056521900
21057021900
21058021900
21059021900
21059221900
21059421900
21059621900
21059821900
21060021900
21061021900
21062021900
21063021900
21063221900
21063521900
21063721900
21064021900
21065021900
21066021900
21066321900
21066721900
21067021900
21067521900
21068021900
21069021900
21070021020
21071021010
21072021900
21072521900
21073021900
21073521900
21074021900
21074521900
21075021010
21076021900
21077021900
21078021900
21079021900
21080021900
21080521900
21081021900
21082021900
21082521900
21083021900
21084021900
21084521900
21085021900
21086021900
21087021900
21088021900
21089021900
21090021900
21090521900
21091021900
21092021010
21092321900
21092721900
21093021900
21094021900
21094521010
21095021900
21095521020
21096021010
21097021900
21097521900
21098021900
21099021900
21100021900
21100321900
21101021900
21102021010
21102321900
21102721900
21103021900
21104021900
21105021900
21106021900
21106521900
21107021900
21108021900
21108521900
21109021900
21110021900
21110221900
21110521900
21110721900
21111021900
21112021010
21112521900
21113021010
21114021900
21115021900
21115321900
21115721900
21116021900
21116321900
21116721900
21117021900
21117221900
21117421900
21117621020
21117821900
21118021900
21119021900
21119521900
21120021900
21121021900
21122022010
21122321900
21122721900
21123021900
21124021900
21124521900
21125021900
21126021900
21127021900
21128021900
21128521900
21129021900
21130021900
21140021900
22000022000
22000522900
22001022900
22002022900
22002522900
22002722900
22003022900
22004022010
22004522900
22005022900
22006022900
22007022900
22008022900
22009022900
22009522900
22010022900
22010522900
22011022900
22011522900
22011722900
22012022900
22013022900
22014022900
22015022900
22015522900
22015722900
22016022010
22017022900
22017322900
22017722900
22018022900
22019022900
22019122900
22019222900
22019422900
22019622900
22019822900
22020022900
22020222900
22020522900
22020722900
22020822900
22020922900
22021022900
22021122900
22021322900
22021722900
22022022900
22022522900
22023022900
22024022900
22024522900
22025022900
22025322900
22025522900
22026022900
22026522900
22027022900
22027122900
22027222900
22027322010
22027522900
22027722900
22028022900
22028522900
22029022900
22030022900
22031022900
22032022900
22032322900
22032522010
22032722900
22033022010
22033522900
22034022900
22034222900
22034522900
22035022900
22036022900
22037022900
22037522900
22038022900
22038522900
22039022900
22040022900
22041022900
22041522900
22042022900
22043022900
22043522900
22044022900
22045022900
22045522900
22046022900
22046522900
22047022900
22048022900
22049022900
22050022900
22051022900
22051522900
22052022900
22052522900
22052722900
22053022900
22053522900
22054022900
22054522900
22055022010
22055122900
22055222900
22055322900
22055422900
22055522010
22055622900
22055722900
22055822010
22055922900
22056022900
22057022900
22058022900
22058522900
22059022900
22059522900
22060022900
22060522900
22061022900
22062022900
22063022010
22063522900
22064022010
22065022900
22066022900
22066522900
22066722900
22066922900
22067022900
22067222010
22067522900
22068022900
22069022900
22069522900
22070022900
22071022900
22072022900
22073022900
22073522900
22074022900
22075022900
22075522900
22076022900
22077022900
22077522900
22077722900
22077922900
22078022900
22078522900
22079022900
22079322900
22079522900
22080022900
22081022900
22082022900
22083022900
22084022900
22085022900
22085522900
22086022900
22086522900
22087022900
22088022900
22088522900
22088722900
22089022900
22090022900
22091022900
22091522900
22092022900
22093022900
22093522900
22093722900
22094022900
22094522900
22095022900
22095522900
22096022900
22096522900
22097022900
22097522900
22098022900
22098522900
22098722900
22099022900
22099522900
22099722900
22100022900
22100522900
22101022900
22102022900
22103022900
22103522900
22103722900
22103822900
22103922900
22104022900
22105022900
22106022900
22106222900
22106322900
22106522900
22107022900
22108022900
22109022900
22109322900
22109522900
22109722900
22110022010
22111022010
22112022900
22113022900
22113522900
22114022900
22115022900
22116022900
22117022900
23000023000
23001023900
23001523900
23002023900
23003023900
23004023900
23005023900
23006023900
23007023900
23007523900
23008023900
23009023900
23010023010
23011023900
23012023900
23012523900
23013023900
23014023900
23015023900
23016023900
23017023900
23018023900
23018523900
23019023020
23019523900
23020023900
23020523900
23021023900
23022023900
23023023900
23024023900
23025023900
23026023900
23027023900
23028023900
23029023900
23030023900
23031023900
23032023020
23033023900
23034023900
23035023010
23036023900
23036523900
23037023010
23038023900
23039023900
23039323900
23039523010
23040023900
23041023900
23042023020
23042323900
23042523900
23042623900
23042723900
23042823010
23043023020
23043523900
23044023010
23044523900
23045023900
23046023900
23046523900
23047023900
23048023900
23049023900
23049523010
23050023900
23051023900
23052023900
23052323010
23052623900
23053023900
23053323900
23053523900
23054023900
23055023900
23056023900
23056523900
23057023900
23058023900
23059023900
23060023900
23061023900
23062023900
23062523010
23063023900
23064023900
23065023900
23065523900
23066023900
23067023900
23068023900
23069023900
23070023900
23071023020
23072023900
23072523900
23073023020
23074023900
23075023900
23076023900
23076323900
23076523010
23077023010
23078023900
23079023900
23080023900
23081023900
23082023900
23083023900
23083523900
23083723900
23084023020
23085023900
23086023900
23087023900
23088023900
23089023900
23090023900
23091023900
23092023020
23093023900
23094023900
23094523900
23095023900
23096023010
23097023010
23098023900
23099023900
23100023900
23101023900
23102023010
23102523010
23103023900
23104023900
23105023900
23106023900
23107023900
23108023900
23108523010
23109023900
23109523900
23110023900
23111023900
23112023900
23112323900
23112623900
23113023900
23113523900
23114023900
23115023900
23116023900
23117023900
23118023900
23119023900
23119523900
23120023900
23121023020
23122023900
23123023900
23124023010
23125023900
23126023010
23127023900
23128023900
23129023900
23130023900
23131023900
23132023900
23132523900
23133023900
23133523900
23134023900
23135023010
23135523900
23136023900
23137023900
23137523900
23138023900
23139023900
23139523900
23140023900
23141023900
24000024000
24001024900
24002024900
24003024900
24004024900
24005024900
24006024900
24007024900
24008024900
24009024900
24010024900
24011024900
24012024900
24013024900
24014024900
24014524900
24015024900
24016024900
24016524900
24017024900
24018024900
24018524900
24019024900
24020024900
24021024900
24022024900
24023024900
24024024900
24025024900
24026024010
24027024900
24028024900
24029024900
24030024900
24031024900
24032024900
24032524010
24033024900
24034024900
24035024900
24036024010
24037024900
24037524900
24038024900
24039024900
24040024900
24041024900
24042024900
24043024900
24044024900
24045024900
24046024900
24047024900
24048024900
24048524900
24049024900
24050024900
24051024900
24052024900
24053024900
24054024900
24055024900
24056024900
24057024900
24058024900
24059024900
24060024900
24061024900
24061524900
24062024900
24063024900
24064024900
24065024900
24066024900
24067024900
24068024900
24069024900
24070024900
24071024010
24072024900
24072524900
24073024900
24074024900
24075024010
24076024900
24077024900
24078024010
24079024900
24080024900
24081024010
24082024010
24083024900
24084024900
24085024900
24086024900
24087024900
24088024900
24089024900
24089524900
24091024900
24092024900
24093024900
24093324900
24094024900
24095024900
24096024900
24097024900
24098024900
24099024900
24100024900
24101024900
24102024900
24102524900
24103024900
24104024900
24105024900
24106024900
24107024900
24108024900
24109024900
24110024900
24110524900
24111024900
24112024900
24114024900
24114224900
24115024900
24116024900
24117024900
24118024900
24119024900
24120024010
24121024900
24122024010
24123024900
24124024900
24125024900
24125524900
24126024900
24127024900
24128024900
24129024900
24130024900
24131024900
24132024900
24133024900
24133524900
24134024900
24135024900
24135524900
24136024900
24137024900
24138024900
24139024900
24140024900
24141024900
24141524900
24142024900
24143024900
24144024900
24144524900
24145024900
24146024900
24147024900
24147524900
24148024010
24149024900
24150024900
25000025000
25001025900
25002025070
25003025900
25004025050
25005025030
25005325020
25005725050
25006025010
25007025060
25007325900
25007725100
25008025030
25009025900
25010025120
25011025050
25011525040
25012025050
25013025020
25013525900
25014025090
25015025900
25015325080
25015725020
25016025080
25017025900
25018025010
25019025030
25020025900
25020525060
25021025070
25021525020
25022025060
25023025900
25024025060
25025025020
25026025070
25027025030
25028025900
25029025900
25030025010
25031025900
25032025010
25033025060
25034025040
25035025120
25035525040
25036025030
25037025060
25037525900
25038025110
25039025900
25040025020
25040325900
25040725900
25041025060
25041525900
25042025070
25043025900
25043525020
25044025070
25045025040
25046025010
25047025900
25048025070
25048525900
25049025010
25050025900
25051025080
25052025030
25052325090
25052725090
25053025070
25053525120
25054025040
25055025040
25056025070
25057025120
25058025030
25059025040
25060025050
25061025020
25062025080
25062525020
25063025030
25064025110
25065025900
25066025070
25067025900
25068025110
25069025110
25070025070
25071025090
25072025020
25073025090
25074025900
25075025010
25076025110
25077025900
25078025040
25079025110
25080025900
25081025900
25082025030
25083025020
25084025100
25085025900
25085525030
25086025010
25087025040
25088025040
25089025090
25090025900
25090525090
25091025900
25091525100
25092025020
25093025090
25093325020
25093725900
25093925040
25094025110
25095025050
25096025060
25097025900
25098025030
25099025020
25100025100
25101025080
25102025070
25103025080
25104025900
25105025900
25106025900
25106525900
25107025040
25108025040
25109025900
25110025900
25111025900
25112025010
25113025070
25114025080
25115025110
25116025030
25117025030
25118025030
25119025010
25120025050
25120325060
25120725060
25121025900
25122025900
25123025900
25124025020
25125025020
25126025040
25127025050
25127225090
25127425120
25127525110
25127625900
25127825900
25128025900
25129025010
25130025040
25131025110
25131525020
25132025100
25133025060
25133525070
25134025040
25135025070
25136025070
25136525060
25137025010
25138025040
25138525900
25139025900
25139225900
25139425900
25139625900
25139825100
25140025900
25141025900
25142025100
25143025070
25144025040
25144525110
25145025060
25145525900
25146025040
25146525900
25147025040
25148025900
25149025040
25150025110
25151025050
25152025900
25153025900
25154025900
25155025900
25156025030
25157025070
25158025020
25159025030
25159325030
25159725900
25160025900
25161025900
25161525080
25162025100
25163025900
25164025120
25165025900
25166025900
25167025040
25167525900
25168025060
25169025060
25170025020
25171025040
25172025100
25174025900
26000026000
26000526010
26001026900
26002026900
26003026900
26004026900
26005026900
26006026900
26007026900
26008026900
26009026900
26010026900
26010526010
26011026900
26012026900
26013026900
26014026900
26015026900
26016026900
26017026900
26018026900
26019026900
26020026900
26021026900
26022026900
26023026900
26024026900
26025026900
26026026900
26027026900
26028026900
26029026010
26030026900
26031026900
26032026900
26033026900
26034026900
26034526010
26035026900
26036026900
26037026900
26038026900
26039026900
26039226900
26040026900
26041026900
26041526900
26042026900
26043026900
26044026900
26045026900
26046026900
26047026900
26048026900
26049026900
26050026900
26051026900
26051526900
26052026900
26053026900
26054026900
26054526900
26055026900
26056026900
26057026900
26058026900
26059026900
26060026900
26061026900
26062026900
26063026900
26064026900
26065026900
26066026900
26067026900
26068026010
26069026900
26070026900
26071026900
26072026010
26073026900
26074026900
26075026900
26076026010
26076526900
26077026900
26077526010
26078026900
26079026010
26079526900
26080026900
26080526900
26081026900
26082026900
26082526900
26083026900
26084026900
26084526900
26085026900
26086026900
26087026900
26087526020
26088026900
26089026900
26090026900
26091026900
26091526900
26092026900
26093026900
26094026010
26095026900
26096026010
26097026900
26098026020
26099026900
26100026900
26101026900
26102026900
26103026900
26104026900
26105026900
26106026900
26107026010
26108026900
26109026900
26110026900
26111026020
26112026900
26113026900
26114026900
26115026900
26115326900
26116026010
26117026900
26118026900
26119026900
26120026900
26121026900
26122026900
26123026900
26124026900
26124526900
26124726900
26125026900
26125526900
26126026020
26127026900
26128026900
26129026900
26130026900
26131026900
26132026900
26133026900
26134026900
26135026900
26136026900
26137026010
26138026900
26139026900
26140026900
26141026900
26142026900
26143026900
26144026900
26145026900
26146026900
26147026900
26148026900
26148526900
26150026900
26151026900
26152026900
26153026900
26154026900
26155026900
26156026900
26157026900
26158026900
26159026900
26160026900
26161026900
26161826900
26162026900
26163026900
26164026900
26165026900
27000027000
27001027070
27002027030
27003027020
27004027010
27005027010
27006027010
27007027900
27008027050
27009027900
27010027030
27011027040
27012027050
27013027030
27013527040
27014027060
27015027020
27016027900
27017027030
27018027080
27019027030
27020027020
27021027040
27022027010
27023027060
27023527020
27024027070
27025027080
27025527050
27026027020
27027027900
27028027040
27029027020
27030027040
27031027050
27032027900
27033027070
27034027900
27035027040
27036027900
27037027020
27037527900
27038027040
27039027040
27040027020
27041027020
27042027020
27043027010
27044027050
27045027900
27046027080
27047027010
27048027030
27049027030
27050027070
27051027040
27052027010
27053027050
27054027900
27055027040
27056027040
27057027080
27058027070
27059027020
27060027080
27061027080
27062027900
27063027050
27064027900
27064227070
27064427010
27065027900
27066027030
27067027900
27068027900
27069027010
27070027030
27071027070
27072027080
27073027040
27074027900
27075027900
27076027030
27077027010
27078027060
27079027010
27080027080
27081027040
27082027020
27083027040
27084027900
27085027040
27086027060
27087027900
27088027020
27089027010
27089527080
27090027030
27091027020
27091527060
27092027020
27093027040
27094027030
28000028000
28001028900
28002028900
28003028010
28004028900
28005028900
28006028010
28006728900
28007028900
28010028900
28011028900
28012028900
28013028900
28014028900
28015028900
28016028900
28017028900
28019028900
28020028900
28021028900
28022028900
28023028900
28024028900
28025028900
28026028900
28027028900
28028028900
28029028900
28030028900
28031028900
28032028900
28033028900
28034028900
28035028900
28036028900
28037028900
28038028900
28039028900
28040028900
28041028900
28042028900
28043028900
28044028900
28044528900
28045028900
28046028900
28047028900
28048028010
28049028900
28050028900
28051028900
28052028900
28053028900
28054028900
28055028900
28056028900
28057028900
28058028900
28059028900
28060028900
28061028900
28062028900
28063028900
28064028900
28065028900
28066028900
28067028010
28068028900
28069028900
28070028900
28071028900
28072028900
28073028900
28074028900
28075028900
28076028900
29000029000
29001029900
29002029900
29003029900
29003529900
29004029900
29005029900
29006029900
29007029900
29008029900
29009029900
29010029900
29011029021
29011529900
29012029900
29013029900
29013529900
29014029900
29015029022
29016029900
29017029022
29018029900
29019029900
29019529900
29020029900
29020529900
29021029900
29022029900
29022529900
29023029900
29024029900
29025029900
29026029900
29026529900
29027029900
29028029900
29029029900
29030029900
29031029900
29032029900
29032329900
29032729900
29033029900
29034029900
29035029900
29036029900
29037029900
29038029900
29039029900
29039529900
29040029900
29040529900
29041029900
29042029900
29043029900
29044029900
29045029900
29046029900
29047029900
29047529900
29048029900
29048529900
29049029900
29050029900
29051029900
29051529900
29052029900
29053029900
29054029900
29055029900
29056029900
29057029010
29058029900
29059029900
29060029900
29061029900
29062029900
29063029900
29064029022
29065029010
29066029900
29067029900
29068029900
29068229900
29068529900
29068729900
29068929900
29069029900
29070029900
29071029900
29072026020
29073029900
29074029900
29075029900
29075529900
29076029900
29077029900
29078029900
29079029900
29080029900
29081029900
29082029021
29083029900
29084029900
29085029021
29086029900
29087029900
29088029900
29089029022
29090029900
29091029900
29092029900
29093029900
29094029900
29095029900
29096029900
29097029900
29098029900
29099026020
29100029900
29100529010
29101029900
29102029900
29103029900
29104029900
29105029900
29106029900
29107029900
29107229900
29107529900
29107729900
29108029021
29108529900
29109029900
29110029900
29111029900
29112029900
29112529900
29113029900
29114029900
29115029900
29116029900
29116529900
29117029900
29118029900
29118529900
29119029900
29120029900
29121029900
29122029900
29123029900
29124029900
29125029900
29126029900
29127029900
29128029900
29129029900
29130029900
29131029900
29132029900
29133029900
29134029900
29134529900
29135029900
29136029900
29137029900
29138029022
29139029900
29140029900
29141029900
29142029900
29143029900
29144029900
29145029022
29146029900
29146529900
29147029900
29148029900
29149029900
29150029900
29151029900
29152029900
29153029900
29153529900
29154029900
29155029900
29156029900
29157029900
29158029900
29159029900
29160029900
29161029010
29162029900
29163029900
29164029900
29165029900
29166029900
29167029900
29168029900
29168529900
29169029900
29170029900
29171029900
29172029900
29173029900
29173329900
29173529900
29174029900
29175029900
29176029900
29177029900
29178029900
29179029900
29180029900
29181029900
29182029900
29183029900
29183529900
29184026020
29184529900
29185029900
29185529900
29186029900
29187029900
29187529900
29188029900
29189029900
29190029900
29190529900
29191029900
29191529900
29192029010
29193029900
29194029900
29195029900
29195529900
29196029900
29197029900
29198029900
29199029900
29199229010
29199529900
29200029900
29201029900
29202029900
29203029900
29204029900
29204529900
29205029900
29206029900
29207029900
29208029900
29209029900
29210029010
29210529900
29211029900
29212029900
29213029900
29214029900
29214529900
29215029900
29216029900
29217029900
29218029900
29219029900
29220029900
29220529900
29221029900
29222029900
29222529900
29223029900
29224029900
29225029900
29226029900
29226529900
29227029900
29227329900
29227529900
29228029900
29228529900
29229029900
29230029900
29230329900
29230529900
29231029900
29232029900
29233029900
29233529900
29234029900
29235029900
29236029900
29237029900
29238029900
29239029900
29240029900
29240529900
29241029900
29242029900
29243029900
29244029900
29245029900
29246029900
29246529900
29246729900
29247029900
29248029900
29249029900
29250029900
29251029900
29252029010
29252529900
29253029900
29254029900
29255029900
29256029900
29257029900
29257529900
29258029900
29259029900
29259329900
29259529900
29260029900
29261029900
29262029900
29263029022
29264029900
29265029900
29266029900
29266529900
29267029900
29268029900
29269029900
29270029900
29271029900
29272029900
29273029900
29274029010
29275029022
29276029900
29277029900
29278029900
29279029900
29280029900
29280529900
29281029900
29282029900
29283029022
29284029900
29285029900
29286029900
29287029900
29288029900
29289029900
29289529900
29290029900
29290529900
29291029900
29292029010
29292529900
29293029021
29293529900
29293729900
29294029900
29295029010
29296029900
29297029900
29297529900
29298029900
29299029900
29300029900
29301029900
29301529900
29302029900
29303029900
29304029022
29305029900
29306029900
29307029010
29307529900
29307629900
29307726020
29308029900
29309029900
29310029900
29310529900
29311029021
29312029900
29313029900
29313529900
29314029900
29315029900
29316029900
29317029900
29318029900
29319029900
29320029900
29321029900
29322029900
29323029900
29324029900
29324529900
29325029900
29326029900
29327029900
29328029900
29329029900
29330029900
29330529900
29331029900
29331529900
29331729900
29332029010
29332529900
29333029900
29334029900
29334529900
29335029900
29336029900
31000031000
31001031900
31002031900
31003031900
31004031900
31005031022
31006031900
31007031900
31008031900
31009031900
31010031900
31011031900
31012031900
31013031900
31014031900
31015031900
31016031900
31016331900
31017031900
31018031900
31019031900
31020031900
31020531900
31021031900
31022031900
31023031900
31024031900
31025031900
31026031900
31027031900
31028031900
31028531900
31029031900
31030031022
31031031900
31032031900
31033031900
31034031900
31035031900
31036031900
31037031900
31037531900
31038031900
31039031900
31040031900
31041031900
31042031900
31043031900
31044031900
31044531900
31045031900
31046031900
31047031900
31048031900
31049031900
31050031011
31051031900
31052031900
31053031900
31054031012
31055031900
31056031900
31057031900
31059031900
31060031900
31061031900
31062031011
31063031022
31064031012
31065031900
31066031900
31066531900
31067031011
31068031900
31069031900
31070031900
31071031900
31072031900
31073031900
31074031900
31075031900
31076031900
31077031012
31078031022
31079031900
31080031900
31081031012
31082031900
31082531900
31083031900
31084031900
31085031900
31085531900
31086031900
31087031900
31088031022
31089031900
31090031011
31091031900
31092031900
31092531022
31093053010
31094031900
31094531900
31095031900
31096031900
31097031900
31098031900
31099031900
31100031011
31101031900
31102031900
31103031900
31104031900
31105031900
31106031900
31107031900
31108031900
31109031900
31110031900
31111031900
31111531900
31112031900
31113031900
31114031900
31115031900
31116031900
31117031900
31118031900
31119031900
31120031900
31120531900
31121031900
31122031900
31123031900
31124031900
31125031011
31126031900
31126531900
31127031900
31128031900
31129031900
31130031900
31131031900
31132031900
31133031900
31134031022
31135031900
31136031900
31137031900
31138031900
31139031900
31140031900
31141031900
31142031900
31143031900
31144031900
31145031900
31145531900
31146031900
31147031900
31148031900
31149031900
31150031900
31151031900
31152031900
31153031900
31153531900
31154031900
31154531900
31154731900
31155031900
31156031900
31157031900
31158031900
31159031900
31160031900
31161031900
31161531900
31162031900
31163031900
31164031900
31165031900
31166031900
31167031900
31168031900
31169031900
31170031900
31171031900
31172031900
31173031900
31174031900
31175031900
31176031900
31177031900
31178031900
31178331900
31178731011
31179031900
31180031900
31181031900
31182031900
31183031900
31184031900
31185031900
31186031011
31187031900
31188031900
31189031900
31190031900
31191031900
31192031900
31193031900
31194031021
31195031900
31196031900
31197031900
31198031900
31199031900
31199531900
31200031022
31201031900
31201531900
31202031900
31203031900
31204031900
31205031900
31206031900
31207031900
31208031900
31208331900
31208731900
31209031900
31210031900
31211031900
31212031900
31212531900
31213031900
31214031900
31215031900
31216031900
31217031900
31218031022
31219031900
31220031900
31221031900
31222031900
31223031900
31223531900
31224031900
31224531900
31224731900
31225031022
31226031900
31227031900
31228031900
31229031900
31230031900
31231031900
31232031900
31233031900
31234031900
31235031900
31235231900
31236031900
31237031900
31238031900
31238531022
31239031900
31240031900
31241031011
31242031900
31243031900
31244031900
31245031900
31246031900
31247031900
31248031900
31249031900
31250031900
31251031900
31252031900
31253031900
31254031900
31255031900
31256031900
31257031900
31258031900
31259031900
31259531900
31260031011
31261031900
31262031900
31263031900
31264031012
31265031900
31266031900
31267031900
31267531900
31268031900
31269031900
31269531900
31270031900
31270531900
31270731900
31271031900
31272031012
31273031900
31273331900
31273531900
31273731900
31273831900
31274031900
31275031900
31276031900
31277031900
31278031900
31279031900
31280031900
31281031900
31282031900
31282531900
31283031900
31284031900
31285031900
31286031900
31287031900
31288031900
31289031900
31290031900
31291031900
31292031900
31293031022
31294031900
31295031900
31296031900
31296531900
31297031900
31298031011
31299031900
31300031900
31300531900
31301031011
31302031900
31303031900
31304031900
31305031900
31305531900
31306031900
31306531900
31307031900
31308031900
31309031900
31310031012
31311031900
31311531022
31312031900
31313031021
31314031900
31315031900
31316031900
31317031900
31318031900
31319031012
31320031900
31321031900
31322031011
31323031900
31324031900
31325031900
31326031900
31327031900
31328031900
31329031900
31330031900
31331031900
31332031900
31333031900
31334031900
31335031900
31336031900
31337031011
31337531900
31338031012
31339031900
31340031900
31341031900
31342031900
31343031900
31344031900
31345031900
31346031011
31347031900
31348031900
31349031900
31350031022
31350531900
31350731900
31351031900
31352031900
31353031900
31353531900
31354031900
31354531900
31355031900
31356031900
31357031900
31358031900
31359031900
31360031900
31361031022
31362031900
31363031900
31364031900
31365031900
31365231900
31365531900
31365731900
31366031011
31366531011
31367031900
31368031900
31369031900
31369531900
31370031900
31371031900
31372031900
31373031900
31374031900
31375031900
31375331900
31376031011
31377031900
31378031900
31379031900
31380031900
31381031900
31382031900
31383031900
31383531900
31384031900
31385031900
31386031900
31386231900
31386531900
31386731900
31386831900
31387031900
31388031900
31389031900
31390031900
31391031900
31392031900
31392531900
31393031900
31394031900
31395031900
31396031900
31397031900
31398031900
31399031900
31400031900
31401031900
31401531011
31402031900
31403031022
31404031900
31405031900
31405331900
31405531900
31406031900
31407031011
31408031900
31408531900
31409031900
31410031900
31411031011
31412031900
31413031900
31414031900
31415031900
31416031900
31417031022
31418031900
31419031900
31420031900
31421031900
31422031900
31422531900
31423031012
31424031900
31425031900
31426031900
31427031900
31428031900
31429031900
31430031900
31431031900
31431531900
31432031900
31433031900
31434031900
31434531900
31435031900
31436031900
31437031900
31438031900
31439031900
31440031900
31441031900
31442031900
31443031900
31443531022
31443731900
31444031900
31445031900
31446031900
31446531900
31446731900
31447031900
31448031011
31449031900
31450031900
31450531900
31451031900
31452031900
31453031900
31453531900
31453731900
31454031900
31454531900
31455031900
31456031900
31457031900
31458031900
31458531900
31458731900
31459031900
31460031900
31461031900
31462031900
31462531900
31463031900
31464031900
31465031900
31465531900
31466031900
31467031900
31467531900
31469031900
31470031900
31471031012
31472031900
31473031900
31474031900
31475031900
31476031900
31477031900
31478031900
31479031900
31479531900
31480031900
31481031900
31482031900
31483031900
31484031900
31485031900
31486031900
31487031900
31487531900
31488031900
31489031900
31490031900
31491031900
31491531900
31492031900
31493031011
31494031900
31495031900
31496031900
31497031900
31498031900
31499031900
31499531022
31500031900
31501031900
31501531900
31502031900
31503031900
31504031900
31505031900
31505331022
31505731900
31506031900
31507031900
31508031900
31509031900
31510031900
31511031900
31512031900
31513031900
31514031900
31515031900
31516031900
31517031900
31518031900
31519031900
31520031900
31521031900
31521331900
31521731900
31522031900
31523031900
31524031900
31525031900
31526031900
31527031900
31528031900
31529031900
31530031900
31531031900
31532031900
31533031900
31534031900
31535031900
31536031012
31537031900
31538031900
31539031011
31540031900
31541031900
31541531900
31542031900
31543031900
31544031900
31544531900
31545031900
31546031011
31547031900
31548031011
31549031900
31550031900
31551031900
31552031900
31553031011
31554031900
31555031900
31556031900
31557031900
31558031900
31559031900
31560031900
31561031900
31562031900
31563031900
31564031900
31564531900
31565031900
31566031900
31567031011
31568031900
31569031900
31570031900
31571031900
31572031012
31572531900
31572731900
31573031900
31573331900
31573731900
31574031900
31575031900
31576031900
31576531900
31577031900
31578031011
31579031900
31580031900
31581031900
31582031900
31583031900
31584031900
31585031900
31586031900
31587031900
31588031900
31589031900
31589531021
31590031900
31591031900
31592031900
31593031900
31593531900
31594031900
31595031900
31596031900
31597031900
31598031900
31599031900
31600031900
31601031900
31602031900
31603031900
31604031900
31604531900
31605031900
31606031900
31607031900
31608031900
31609031900
31609531900
31610031900
31610531900
31611031900
31612031900
31613031900
31614031900
31615031900
31616031900
31616531900
31617031900
31618031900
31619031012
31620031900
31621031900
31622031900
31622531900
31623031900
31624031900
31624531900
31625031900
31625531900
31625731900
31626031022
31626531900
31627031900
31628031900
31629031900
31629231011
31629431900
31629531011
31630031900
31631031012
31632031900
31633031900
31634031022
31635031900
31636031900
31637031900
31638031900
31639031900
31640031900
31641031900
31642031900
31643031900
31644031900
31644331900
31644731900
31645031900
31646031900
31647031900
31648031900
31649031900
31650031900
31651031900
31652031900
31653031900
31654031900
31655031900
31655331011
31655531900
31655631900
31655731900
31656031900
31657031900
31658031900
31659031900
31660031900
31661031900
31662031900
31663031900
31664031900
31665031900
31666031900
31667031900
31668031900
31669031900
31669531900
31670031900
31671031900
31672031012
31673031900
31674031900
31675031900
31676031900
31677031022
31678031900
31679031900
31680031900
31680531900
31681031900
31682031900
31683031011
31684031900
31685031900
31686031900
31687031021
31688031900
31689031900
31690031900
31690531900
31691031900
31692031900
31693031900
31693531900
31694031900
31695031900
31696031900
31697031900
31698031900
31699031900
31700031900
31700531900
31701031900
31702031900
31703031900
31704053010
31704331900
31704731900
31705031900
31705231900
31705731022
31706031900
31706531900
31707031900
31707531900
31708031900
31709031900
31710031900
31710331900
31710731900
31711031900
31711531900
31712031011
31713031900
31714031900
31715031900
31716031900
31717031900
31718031900
31719031900
31720031900
31721031900
31722031900
32000032000
32001032900
32001332900
32001632900
32002032900
32003032900
32003532900
32004032900
32005032900
32006032900
32007032900
32008032900
32009032900
32010032900
32011032900
32011532900
32012032900
32013032010
32014032900
32015032900
32016032900
32017032900
32018032900
32019032900
32020032900
32021032900
32022032010
32022532900
32023032900
32024032010
32024532900
32025032900
32025532900
32026032900
32026532900
32027032900
32028032900
32029032900
32030032900
32030532900
32031032900
32031332900
32031632900
32032032900
32033032900
32033232900
32033432900
32033532900
32034032900
32035032900
32036032900
32037032900
32038032900
32039032900
32040032900
32040532900
32041032900
32042032900
32042532900
32043032900
32043532900
32044032900
32045032900
32045532900
32046032900
32046532900
32047032900
32048032900
32049032900
32049532900
32050032010
32050132900
32050332900
32050632900
32051032010
32051532900
32051732900
32052032010
32053032010
33000033000
33001033900
33001533900
33002033900
33002233900
33002333900
33002533900
33003033900
33004033900
33004533010
33005033900
33006033900
33007033900
33008033010
33009033900
33009333900
33009533900
33010033900
33011033900
33011533900
33012033900
33013033900
33014033900
33015033900
33016033900
33017033010
33018033900
33018533010
33018733900
33019033010
33020033010
33020533900
33021033900
33022033900
33022533900
33022733010
33023033900
33024033900
33024533900
33025033010
33026033900
33027033010
33028033900
33028533010
33029033900
33030033900
33031033900
33032033010
33033033010
33034033900
33035033010
33036033010
33037033900
33038033900
33038533900
33039033900
33039533900
33040033900
33041033900
33041133900
33041233900
33041433010
33041533900
33042033900
33043033010
33044033900
33045033900
33045233900
33045533010
33046033900
33047033900
33047533900
33048033900
33049033010
33050033900
33051033010
33051333900
33051533900
33052033900
33053033900
33054033900
33055033900
33055533010
33056033900
33057033900
33057533010
33058033900
33059033900
33060033900
33061033900
33061533900
33062033900
33063033900
35000035000
35001035900
35002035900
35003035900
35004035900
35005035900
35005535900
35006035060
35007035900
35007535070
35008035900
35009035900
35010035900
35011035900
35011535070
35012035900
35013035900
35014035900
35015035900
35016035030
35017035900
35018035900
35019035900
35020035060
35021035900
35022035900
35023035900
35024035900
35025035043
35026035900
35027035900
35027535070
35028035900
35029035070
35030035900
35031035900
35031535044
35032035900
35033035060
35033535900
35034035900
35035035044
35036035900
35037035900
35038035030
35039035010
35039535900
35040035900
35041035900
35042035900
35043035900
35044035900
35045035900
35046035900
35047035900
35048035900
35049035044
35050035900
35051035900
35052035900
35053035900
35053535900
35054035900
35055035900
35056035900
35057035010
35058035900
35059035900
35060035900
35061035900
35062035900
35063035900
35063535020
35064035900
35065035900
35066035010
35067035900
35068035900
35069035900
35070035070
35071035900
35071535900
35072035900
35073035900
35074035900
35074535900
35075035900
35076035900
35077035900
35077535900
35078035900
35079035900
35080035900
35081035900
35082035900
35083035900
35084035050
35085035041
35086035043
35087035900
35088035900
35089035900
35090035010
35091035900
35092035010
35092535900
35093035900
35094035900
35094535900
35095035030
35096035050
35097035042
35098035900
35099035900
35099535043
35100035900
35101035900
35101535900
35102035900
35103035070
35104035060
35105035045
35106035010
35107035900
35108035900
35109035900
35110035900
35111035900
35112035900
35113035900
35114035900
35115035070
35116035070
35117035060
35119035900
35120035900
35121035900
35122035060
35123035900
35124035060
35125035900
35126035900
35127035060
35128035030
35129035900
35130035010
35131035900
35132035900
35133035900
35134035044
35135035020
35136035043
35137035900
35138035010
35138535900
35139035900
35140035900
35141035900
35142035900
35143035900
35144035900
35145035900
35146035900
35147035900
35148035900
35149035060
35149235900
35149535900
35150035010
35151035010
35151235900
35151535030
35151835900
35151935900
35152035900
35153035900
35153535900
35154035900
35155035900
35156035900
35156535900
35157035010
35158035900
35159035900
35160035900
35161035900
35162035900
35163035010
35164035010
35165035900
35166035900
35167035900
35168035900
35168535900
35169035900
35170035900
35171035900
35172035900
35173035900
35174035900
35175035900
35176035900
35177035900
35178035900
35179035900
35180035900
35181035900
35182035900
35183035010
35184035043
35185035900
35186035900
35187035020
35188035010
35188535900
35189035900
35190035900
35190535030
35190735030
35191035900
35192035900
35192535900
35193035900
35194035900
35195035900
35196035900
35197035070
35198035900
35199035900
35200035900
35201035900
35202035041
35203035900
35204035045
35204235900
35204435900
35205035030
35206035900
35207035900
35208035900
35209035900
35210035070
35211035060
35211535900
35212035900
35213035900
35214035060
35215035900
35216035900
35217035900
35218035900
35219035900
35220035900
35221035020
35221535900
35222035010
35223035900
35224035900
35225035010
35226035900
35226535900
35227035900
35228035900
35229035900
35230035900
35231035010
35232035900
35233035900
35234035030
35235035900
35236035900
35237035900
35238035900
35239035070
35240035050
35241035900
35242035900
35243035900
35244035041
35245035900
35246035900
35247035030
35248035900
35249035041
35250035010
35251035900
35252035050
35253035900
35254035900
35255035900
35256035900
35257035900
35258035900
35258535070
35259035050
35260035900
35261035900
35262035010
35263035042
35264035900
35265035900
35266035044
35267035060
35268035900
35269035060
35270035900
35271035900
35272035043
35272535900
35273035050
35274035900
35275035900
35276035900
35277035900
35278035900
35279035900
35280035900
35281035900
35282035900
35283035900
35284035070
35285035010
35286035900
35287035900
35288035900
35288535900
35289035900
35290035900
35291035900
35292035900
35293035900
35294035010
35295035900
35296035900
35296535900
35297035900
35298035900
35299035900
35300035900
35301035900
35302035900
35303035900
35304035900
35305035900
35306035010
35307035900
35308035900
35309035060
35310035900
35311035020
35312035900
35313035900
35314035900
35315035900
35316035900
35317035041
35318035030
35319035900
35320035030
35320535900
35321035900
35321535900
35322035900
35323035042
35324035900
35325035900
35326035900
35327035900
35328035900
35328235900
35328435900
35328635900
35329035900
35330035900
35331035900
35332035900
35332535900
35333035900
35334035030
35335035900
35336035900
35337035900
35338035900
35339035900
35340035900
35341035900
35342035900
35343035900
35344035010
35345035900
35346035900
35347035900
35347535900
35348035900
35349035900
35350035900
35351035900
35352035900
35353035900
35354035900
35355035900
35356035041
35357035900
35358035900
35359035900
35360035900
35361035900
35362035900
35362535900
35363035900
35364035900
35365035030
35365735900
35366035900
35367035900
35368035900
35369035900
35370035900
35371035030
35371535900
35372035900
35373035900
35374035900
35375035900
35376035020
35377035900
35378035070
35379035070
35380035042
35381035900
35382035900
35383035900
35385035043
35386035900
35387035060
35388035900
35389035900
35390035900
35391035010
35392035900
35393035900
35394035900
35395035900
35396035900
35397035900
35398035010
35399035900
35400035900
35401035900
35402035900
35402535900
35403035900
35404035900
35405035900
35406035070
35407035900
35407535043
35408035900
35408535900
35409035900
35410035020
35410535900
35411035900
35412035900
35413035900
35414035900
35415035900
35416035900
35416535900
35417035900
35418035900
35419035044
35420035900
35421035060
35422035900
35423035042
35424035900
35425035900
35426035900
35427035900
35428035900
35429035900
35430035900
35431035900
35432035900
35432335900
35432535900
35433035010
35434035900
35435035900
35436035900
35437035900
35438035900
35439035060
35440035060
35441035010
35442035900
35442535900
35443035043
35444035900
35445035900
35446035900
35447035900
35448035900
35449035900
35450035010
35451035900
35451535060
35452035070
35453035070
35454035900
35455035900
35456035900
35457035900
35458035030
35460035041
35461035900
35462035900
35462535900
35463035900
35464035900
35465035900
35466035900
35467035060
35468035010
35469035900
35470035060
35471035900
35472035900
35473035010
35474035900
35475035900
35476035900
35476535900
35477035900
35478035010
35479035900
35480035030
35480535900
35481035900
35482035042
35483035900
35484035900
35485035020
35486035042
35487035010
35488035010
35489035900
35490035900
35491035900
35492035900
35492535900
35493035900
35494035900
35495035900
35496035044
35497035900
35498035900
35499035041
35499535010
35500035042
35501035900
35502035070
35503035010
35504035060
35505035900
35506035070
35507035045
35508035900
35509035900
35510035020
35511035070
35512035900
35513035900
35514035900
35515035900
35516035900
35517035900
35518035900
35519035900
35520035044
35521035900
35522035070
35523035900
35524035030
35525035010
35525535900
35526035900
35527035900
35528035010
35529035900
35530035900
35531035900
35532035900
35533035900
35534035900
35535035070
35536035900
35536535900
35537035900
35538035900
35538535900
35539035900
35539535900
35540035070
35541035042
35542035900
35543035900
35544035900
35545035070
35546035900
35546535900
35547035900
35547535900
35548035042
35549035900
35549535900
35550035900
35551035900
35552035900
35553035900
35553535900
35554035045
35555035900
35556035900
35557035900
35558035900
35559035900
35560035900
35561035900
35562035030
35563035900
35563535900
35564035900
35564535010
35565035050
35566035900
35567035030
35568035900
35569035900
35569535900
35570035070
35571035900
35571535900
35572035900
35573035900
41000041000
41001041900
41002041010
41003041010
41004041010
41004541060
41005041040
41006041900
41007041040
41008041020
41009041900
41010041900
41010541070
41011041900
41011541030
41012041900
41013041900
41014041050
41015041020
41016041900
41016541050
41017041060
41018041010
41018541050
41019041020
41020041080
41021041030
41022041030
41023041010
41024041900
41025041060
41026041900
41027041900
41027541900
41028041020
41029041900
41030041060
41030241900
41030441900
41030541070
41031041010
41031541900
41032041030
41032241900
41033041050
41033541070
41033741040
41034041900
41034541070
41034741040
41035041050
41036041900
41037041020
41038041030
41039041060
41039541900
41040041010
41040541070
41041041010
41042041010
41042541010
41043041060
41044041900
41044241900
41044541900
41045041900
41046041070
41046541900
41047041900
41048041070
41049041900
41050041070
41051041020
41052041010
41053041070
41054041900
41055041900
41056041040
41057041900
41058041010
41059041900
41060041900
41061041900
41062041010
41063041070
41064041900
41064541900
41065041900
41065541060
41065741900
41066041040
41067041900
41068041900
41068541050
41069041010
41070041900
41071041900
41071241070
41071541080
41072041900
41072541040
41073041030
41074041900
41075041060
41075241040
41075341080
41075441900
41075541060
41076041050
41076541010
41077041060
41077341900
41077541900
41078041030
41078541900
41079041030
41080041020
41081041030
41082041900
41083041900
41083241040
41084041900
41084541900
41085041900
41085541050
41086041060
41086541900
41087041050
41088041080
41089041900
41089541900
41090041900
41091041900
41092041020
41093041070
41094041900
41095041900
41096041900
41096541900
41097041900
41097541070
41098041020
41099041040
41100041030
41100541070
41100741900
41101041900
41102041900
41103041900
41104041900
41105041900
41106041040
41106541070
41107041900
41108041060
41109041900
41109541900
41110041900
41111041030
41112041900
41112541010
41113041900
41114041900
41115041050
41115541040
41116041030
41117041900
41118041900
41119041020
41120041900
41121041030
41122041060
41123041900
41124041900
41125041050
41126041900
41127041020
41127541070
41128041900
41129041900
41129541060
41130041900
41131041050
41132041010
41132541900
41133041900
41134041900
41134241050
41134541070
41135041900
41136041030
41137041020
41137341060
41137541050
41138041020
41139041900
41140041060
41141041030
41142041030
41143041010
41143541900
41144041900
41145041900
41146041080
41147041040
41148041030
41149041050
41150041900
41151041040
41152041030
41153041900
41153541080
41154041900
41154541900
41155041050
41156041070
41157041900
41157341900
41157541050
41158041900
41158541080
41159041900
41160041020
41160541900
41161041060
41162041900
41163041030
41164041900
41165041900
41166041900
41167041070
41168041060
41169041030
41169541900
41170041900
41170541900
41171041900
41172041040
41172141900
41172241080
41172541900
41172741900
41172941050
41173041900
41174041030
41174541080
41175041030
41176041900
41177041900
41178041900
41179041080
41180041900
41181041900
41182041900
41183041900
41184041900
41184541080
41185041900
41186041900
41187041900
41188041060
41188541040
41189041040
41190041900
41191041010
41191541010
41192041900
41192541900
41193041900
41194041900
41195041010
41196041900
41196541020
41197041900
41198041900
41199041900
41199541900
41200041020
41201041900
41201541900
41202041900
41203041900
41203341020
41203541900
41204041030
41205041020
41206041900
41206541060
41207041900
41208041010
41208541080
41209041900
41210041900
41211041060
41212041010
41212541900
41213041020
41213541060
41214041900
41215041900
41216041900
41217041900
41217541900
41218041900
41219041900
41220041900
41221041050
41221541900
41221741050
41222041010
41223041010
41224041020
41225041060
41226041900
41226541050
41227041020
41228041900
41229041900
41230041900
41231041900
41232041900
41233041900
41234041030
41235041080
41236041900
41237041900
41238041900
41238241070
41238541900
41239041900
41239541900
41240041900
41240241070
41240541900
41241041900
41242041900
41243041900
41244041900
41245041900
41246041900
41247041900
41248041900
41249041900
41250041050
41251041900
41252041900
41253041030
41253541040
41254041900
41254541080
41255041010
41255541900
41256041900
41257041900
41257541080
41258041050
41259041900
41260041900
41261041900
41262041900
41262541030
41262741900
41263041900
41263541900
41264041020
41265041020
41266041900
41266541900
41266741020
41267041900
41268041040
41269041040
41270041900
41271041900
41272041060
41273041900
41274041080
41275041900
41276041010
41277041080
41278041900
41278541070
41278841010
41279041040
41279541080
41279641900
41280041060
41281041040
41282041900
41283041900
41284041020
41285041900
41285341900
41285541070
41286041900
41286241040
41286341010
41286541900
41287041900
41288041040
42000042000
42000542111
42001042102
42002042092
42003042092
42004042111
42005042081
42005542081
42006042011
42007042012
42007542111
42008042102
42009042012
42010042072
42011042012
42012042011
42012542022
42012742111
42013042031
42014042052
42015042062
42016042111
42016542081
42017042022
42018042092
42019042092
42019542052
42020042041
42020542032
42020742052
42020842101
42020942101
42021042032
42021342032
42021542101
42022042022
42023042011
42024042021
42024342072
42024542042
42025042072
42025342102
42025742102
42026042072
42027042022
42028042062
42028542092
42028742111
42029042022
42030042111
42031042102
42031542111
42032042041
42032542072
42033042032
42034042072
42035042102
42036042111
42037042012
42038042032
42039042111
42039542061
42040042111
42041042082
42041542111
42041742072
42041942092
42042042081
42042542051
42043042111
42043542081
42044042081
42044542102
42045042032
42045542071
42046042051
42047042101
42047542082
42048042072
42049042101
42050042101
42051042092
42051542022
42051742102
42051942052
42052042111
42053042082
42053542101
42054042011
42054342102
42054542051
42055042111
42055542072
42056042102
42057042012
42058042032
42059042021
42060042011
42061042062
42062042061
42063042022
42064042101
42065042032
42066042101
42066542081
42067042111
42067542111
42068042111
42069042091
42070042051
42071042022
42072042062
42073042062
42074042092
42075042021
42075742111
42076042111
42076542101
42076842102
42077042111
42077542101
42078042111
42078542102
42079042032
42080042082
42081042032
42082042041
42083042042
42084042101
42084542032
42085042091
42086042111
42087042052
42088042062
42089042032
42089542102
42090042111
42091042031
42091542092
42091742102
42092042111
42093042071
42094042062
42094542082
42095042092
42096042052
42097042111
42098042012
42098542111
42099042092
42100042022
42100342111
42100542111
42101042032
42102042012
42103042032
42104042052
42105042101
42105542082
42106042032
42107042111
42108042052
42108542092
42109042102
42110042102
42110542111
42111042032
42112042051
42112542052
42113042041
42114042081
42114542081
42115042012
42116042051
42116542102
42117042062
42117542072
42118042111
42118542102
42118742081
42118942072
42119042011
42120042102
42120542072
42121042082
42122042032
42122342101
42122542052
42122742082
42123042012
42124042062
42125042041
42126042111
42126542062
42127042092
42128042042
42129042081
42130042111
42131042111
42131542081
42132042021
42133042072
42133542072
42134042082
42135042042
42136042032
42137042092
42138042052
42139042111
42140042092
42141042092
42141542101
42142042082
42143042012
42144042111
42145042092
42146042092
42147042022
42148042091
42149042062
42150042032
42150542072
42150742102
42151042022
42152042101
42153042092
42153542102
42154042111
42154542062
42155042072
42155542101
42156042062
42156542052
42156742092
42156842102
42156942102
42157042011
42157542102
42158042032
42159042012
42160042081
42160542072
42161042102
42162042032
42162542101
42163042012
42163542032
42164042052
42165042072
42166042011
42167042101
42168042072
42169042102
42170042062
42171042062
42171542102
42172042101
42172542011
42173042081
42174042032
42175042081
42175542082
42176042051
42177042052
42177542082
42178042091
42179042111
42179542102
42180042012
42181042052
42182042021
42182542111
42183042032
42183542052
42184042062
42185042111
42186042092
42187042061
42187542101
42188042052
42188542082
42189042072
42189542072
42190042052
42191042082
42191542111
42191742111
42192042092
42193042111
42193542092
42194042092
42195042081
42196042082
42197042081
42198542111
42200042052
43000043000
43000343900
43000543900
43001043900
43002043900
43003043900
43004043900
43004543900
43004743900
43005043900
43005543900
43005743900
43006043010
43006343900
43006443900
43006643900
43007043900
43008043030
43008543900
43008743010
43009043900
43010043900
43010543020
43010743040
43011043010
43012043900
43013043900
43014043900
43015043900
43015543900
43016043900
43016343020
43016543900
43017043900
43017543900
43018043900
43018543900
43018743900
43019043900
43019243900
43019543900
43020043900
43020543900
43021043030
43021543900
43022043900
43022243900
43022343900
43022543900
43023043900
43023543900
43023743900
43024043900
43024543900
43025043900
43025843900
43026043900
43026543900
43027043900
43028043900
43029043900
43030043900
43031043010
43032043900
43033043900
43034043900
43035043900
43035543900
43036043900
43036743900
43037043900
43038043900
43039043010
43040043900
43041043900
43042043900
43043043900
43043543900
43044043900
43045043900
43046043010
43046143900
43046243900
43046343020
43046543900
43046643040
43046743020
43046843010
43046943900
43047043900
43047143020
43048043030
43048543900
43049043900
43049543900
43050043900
43051043030
43051143900
43051243900
43051343900
43051543900
43051743900
43052043900
43053043900
43053543010
43053743900
43054043900
43054343900
43054443900
43054543020
43055043900
43055843900
43056043900
43057043900
43058043900
43058343900
43058543900
43058743900
43059043900
43059343900
43059543900
43059743900
43060043900
43060543900
43060743900
43061043900
43061343900
43062043900
43063043900
43063243900
43063543900
43063743900
43064043010
43064243900
43064543900
43065043900
43065543020
43066043900
43067043900
43067343900
43067543900
43067643010
43068043900
43069043900
43069243900
43069343900
43069543900
43069743900
43070043900
43070543900
43071043900
43072043900
43073043900
43074043900
43074543900
43075043900
43075543900
43076043010
43077043010
43078043900
43078143900
43078343900
43078643900
43079043030
43080043900
43080543900
43080743900
43081043900
43082043030
43082543900
43083043900
43084043900
43084343900
43084543900
43085043900
43086043030
43086543900
43087043900
43088043900
43088543900
43089043900
43090043900
43090543010
43091043900
43091243900
43091543900
43092043010
43092543900
43093043010
43094043900
43095043900
43095543900
43095743900
43096043900
43096543900
43097043900
43097543900
43098043900
43099043900
43099543900
43100043900
43101043010
43102043900
43103043900
43103343020
43103643900
43104043900
43104143900
43104343030
43104643900
43105043900
43105343900
43105543900
43105743900
43106043900
43106543020
43107043900
43107543900
43108043010
43108543900
43108743900
43109043900
43110043900
43111043900
43111243900
43111343900
43111543900
43112043900
43112343900
43112543900
43112743900
43113043900
43114043900
43114243900
43115043900
43116043900
43116243900
43116443900
43117043900
43117143900
43117343020
43117543900
43117743020
43117943900
43118043900
43119043900
43119843900
43120043900
43120543900
43121043900
43121343900
43121543900
43121743900
43122043900
43122543900
43123043900
43123543900
43123743900
43123843030
43124043010
43124243900
43124443020
43124543900
43124743900
43125043900
43126043900
43126143900
43126243900
43126543900
43126743900
43127043900
43127543900
43128043900
43129043900
43129543900
43130043900
43130143900
43130343900
43130643010
43130843030
43131043900
43132043900
43133043900
43133343900
43133543900
43133743010
43133943900
43134043010
43134243900
43134443900
43134643900
43134943900
43135043020
43136043900
43136543020
43137043900
43138043900
43139043900
43139543900
43140043900
43140243900
43140343900
43140543010
43140643900
43140743900
43141043900
43141343900
43141543900
43141743900
43142043900
43143043900
43144043040
43144243900
43144543900
43144643900
43144743900
43144943900
43145043900
43145343030
43145443030
43145543900
43146043900
43147043900
43147543900
43147743900
43147843900
43148043010
43149043010
43150043900
43150543900
43150743900
43151043900
43151343900
43151443900
43151543900
43151743900
43152043900
43153043900
43153143900
43153243900
43153543900
43154043900
43154543900
43155043900
43155543900
43156043040
43157043900
43157543900
43158043900
43159043900
43159543900
43160043010
43161043900
43162043900
43163043900
43164043900
43164243900
43164343900
43164543900
43164743900
43165043900
43166043900
43167043900
43167343900
43167543900
43168043900
43169043900
43169543900
43169743900
43170043900
43171043900
43172043900
43172543030
43173043900
43174043900
43175043900
43175543900
43176043010
43177043900
43177543900
43178043900
43179043900
43179543900
43180043900
43180543900
43181043900
43182043900
43183043900
43184043010
43184243900
43184343900
43184443900
43184543900
43184643900
43184843900
43184943900
43185043040
43186043900
43186143900
43186243900
43187043010
43188043900
43189043900
43190043030
43191043900
43191243900
43191543900
43192043900
43193043900
43193543900
43193643900
43193743900
43194043900
43195043010
43196043900
43197043900
43197143900
43197343900
43197543900
43198043900
43199043010
43200043010
43201043900
43202043900
43202343900
43202643900
43203043900
43203243900
43203543900
43204043900
43204543900
43205043900
43205543900
43205743900
43206043900
43206543900
43206743900
43207043900
43208043900
43208543900
43209043900
43210043900
43211043900
43212043010
43213043900
43213243900
43213543900
43214043900
43214343020
43214543900
43214643900
43214743900
43214943900
43215043020
43216043020
43216243900
43216343900
43216643020
43217043900
43218043900
43218343020
43218543900
43219043900
43219543900
43220043010
43221043900
43221543900
43221843900
43222043900
43222543900
43223043900
43223243900
43223443900
43223543900
43223743900
43224043900
43225043900
43225243900
43225343900
43225443900
43225543900
43226043900
43227043900
43228043900
43228543900
43229043900
43230043010
43231043900
43232043900
43233043900
43233543900
43234043900
43234543900
43235043900
43236043900
43237043900
43237543900
43237743900
43238043020
50000050000
50002050900
50002550900
50006050900
50007050900
50008050900
50008550900
50009050900
50010050900
50011050900
50012450900
50015050900
50019050900
50020050900
50021050900
50021550900
50022050900
50023050900
50024050900
50026050900
50027050900
50028050900
50029050900
50029550900
50031050900
50031550900
50032050900
50032550900
50033050900
50034550900
50034850900
50035050900
50037050900
50037550900
50038050900
50039050900
50040050900
50041050900
50043050900
50044050900
50045050900
50046050900
50047050900
50048050900
50049050900
50050050900
50051050900
50051550900
50052050900
50052550900
50054050900
50056050900
50056850900
50057050900
50058050900
50060050900
50062050900
50062550900
50062750900
50063050900
50063550900
50064050900
50066050900
50069050900
50071050900
50072050900
50073050900
50074050900
50075050900
50075550900
50076950900
50077050900
50078050900
50079050900
50079350900
50079550900
50079750900
50080050900
50083050900
50084050900
51000051000
51001051012
51002051900
51002551900
51003051900
51003551900
51004051900
51005051900
51006051900
51008051900
51010051900
51012051900
51012551900
51013051900
51014051900
51016051012
51017051900
51018051900
51018551900
51019051900
51025051900
51026051900
51026351900
51026751900
51026851900
51026951900
51027051900
51027951900
51028551900
51030051012
51030551900
51031051900
51032051900
51032551900
51033051900
51033551900
51033651900
51033751900
51034051011
51034351900
51034551900
51035051900
51036051900
51037051900
51038051900
51038551900
51039051900
51039551900
51041051900
51042051900
51045051900
51045251900
51045451900
51045551900
51046051900
51048051900
51049051012
51050051900
51051051900
51051551900
51051751900
51052051900
51052351900
51052551900
51053051900
51055051900
51055851900
51056051900
51056251900
51059051012
51060051900
51061051011
51061551900
51061751900
51061851900
51061951900
51062051012
51062151900
51062251900
51062351900
51062451900
51062551900
51062651900
51062751900
51062851900
51062951900
51063051900
51063151900
51063751900
51064251900
51064551012
51065051012
51066551900
51067051900
51067551900
51067751900
51068051900
51068251900
51068551900
51070051900
51070451900
51070651900
51071051900
51071551900
51071851900
51071951900
51072051900
51072451900
51072651900
51072951900
51073051900
51073551900
51074051900
51075751900
51076051900
51077051012
51077451900
51077551900
51077651900
51077751900
51077951900
51078051011
51078551900
51078751900
51078851900
51079051900
51079251900
51079451900
51079551900
51080051900
51080551900
51081051900
51082051900
51083051900
51083551900
51084051011
51085051900
51086051900
51088051900
51088551900
51089051900
51089551900
52000052000
52000552010
52001053010
52001352900
52001552900
52001753010
52002052900
52002553010
52003053010
52004052980
52005052900
52005552900
52006052900
52007052980
52008052900
52008252900
52008552900
52009052900
52010052980
52011052900
52012052900
52013052900
52014052010
52014552900
52015052900
52016052900
52017052900
52018052010
52019052980
52020052980
52021052980
52021552900
52022052980
52023052980
52023552900
52024052980
52025052900
52025552980
52026052900
52027052980
52028052900
52029052980
52030052980
52031052900
52032052900
52033052010
52034052900
52035052900
52035552010
52035752900
52036052010
52037052980
52038052900
52039052900
52039352900
52039652900
52040053010
52041052900
52042052900
52042552900
52043052900
52044052900
52045052900
52045552010
52046052900
52046552900
52047052900
52048052900
52048552900
52049052900
52049552900
52050052900
52050552900
52051052900
52052052010
52053052900
52054052900
52054552900
52054752900
52054953010
52055052980
52055153010
52055252900
52056052980
52057052900
52058053010
52059052900
52060052980
52061052980
52062053010
52063052900
52064052900
52065052900
52066052900
52067052900
52068052900
52069052900
52070052980
52071052900
52072052980
52072552900
52073052980
52073552900
52074052900
52075052900
52075352900
52075552980
52076052900
52076552980
52077052980
52078052900
52079052900
52080053010
52081052900
52081552900
52082052980
52083052900
52084052010
52085052900
52086052900
52087052010
52088052010
52089052900
52090052980
52091052900
52091552900
52092052010
52092952900
52093052980
52094052900
52094552900
52095052980
52096052900
52097052010
52098052900
52099052900
52099352900
52099552900
52100052010
52101052900
52101552900
52102052900
52103052900
52104052900
52105052980
52105652900
52106052900
52107052980
52108052900
52109052900
52110052900
52111052980
52112052900
52113052900
52114052900
52115052900
52116052900
52117052900
52118052900
52119052900
52120052900
52120552900
52121052900
52122052900
52122552900
52123052900
52124052980
52125053010
52126052900
52127052900
52128052900
52129052900
52129552900
52130052900
52130553010
52130852900
52131052900
52132052980
52133052980
52134052900
52135052900
52136052980
52137052900
52137552900
52137752900
52138052900
52138552900
52139052900
52140052900
52140552900
52141052900
52142052980
52143052980
52144052900
52145052010
52146052900
52147052900
52148052900
52148352900
52148652900
52148752900
52148852980
52149052900
52150052010
52151052980
52152052900
52152353010
52152552900
52153052900
52154052900
52155052900
52156053010
52156552900
52157052900
52157552980
52158052900
52159052900
52160052900
52161052980
52162052980
52163052900
52164052900
52164552900
52165052980
52166052980
52167052980
52168052900
52169052900
52170052980
52171052900
52172052900
52173053010
52174052900
52175052980
52176053010
52177052900
52178052980
52179052980
52180052900
52180552900
52181052900
52182052980
52183052900
52183952900
52184052980
52185052900
52186052900
52187052900
52187552980
52187852900
52188052900
52189052900
52190052900
52191052900
52192052900
52192552900
52193052900
52193552900
52194052900
52194552900
52195052900
52196052900
52197052900
52197152900
52197352010
52197553010
52198052900
52199052900
52200052900
52200552900
52201052900
52201552900
52202052900
52202652900
52202852900
52203052980
52204052900
52204552010
52205052900
52206052900
52206552980
52206852900
52207052900
52208052980
52209052980
52210052900
52210852900
52211052980
52211952010
52212052980
52213052900
52214052010
52214552900
52215052900
52215552900
52215752900
52216052900
52217052900
52218052900
52218553010
52219052900
52220052900
52220552900
52220852980
52221052980
52222053010
52223052900
53001053010
