00000000000
11000011000
11000111006
11000211003
11000311008
11000411006
11000511008
11000611008
11000711008
11000811002
11000911006
11001011002
11001111004
11001211004
11001311003
11001411005
11001511004
11001811007
11002011001
11002511004
11002611003
11002811006
11002911006
11003011007
11003211005
11003311001
11003411005
11003711006
11004011003
11004511001
11005011006
11006011003
11007011001
11008011001
11009011006
11009211007
11009411001
11010011004
11011011001
11012011006
11013011004
11014011003
11014311004
11014511007
11014611008
11014711007
11014811007
11014911002
11015011005
11015511004
11016011004
11017011004
11017511003
11018011004
12000012000
12000112004
12000512005
12001012005
12001312004
12001712004
12002012001
12002512005
12003012002
12003212002
12003312001
12003412003
12003512001
12003812004
12003912001
12004012004
12004212001
12004312003
12004512004
12005012003
12006012002
12007012005
12008012004
13000013000
13000213005
13000613003
13000813006
13001013006
13001413013
13002013003
13003013007
13004013001
13005013010
13006013003
13006313006
13006813010
13007013011
13008013013
13008313006
13009013012
13010013004
13011013007
13011513007
13012013006
13013013006
13014013004
13015013004
13016013003
13016513004
13017013013
13018013004
13018513007
13019013009
13019513004
13020013009
13021013002
13022013004
13023013003
13024013012
13025013007
13025513007
13026013007
13027013013
13028013002
13029013010
13030013010
13031013009
13032013001
13033013013
13034013010
13035013011
13035313008
13035613008
13036013001
13037013003
13038013001
13039013003
13039513010
13040013009
13040613003
13041013012
13042013005
13042313003
13042613005
13043013010
13044013009
14000014000
14000214001
14000514001
14001014001
14001514002
14001714002
14002014003
14002314004
14002814003
14003014003
14004014002
14004514001
14004714004
14005014004
14006014004
14007014002
15000015000
15001015011
15001315017
15002015012
15003015005
15003415019
15004015002
15005015003
15006015015
15007015005
15008015007
15008515015
15009015010
15009515013
15010015014
15011015004
15012015011
15012515018
15013015007
15014015007
15014515002
15015015007
15015715017
15016015010
15017015010
15017215015
15017515020
15017815016
15018015005
15019015008
15019515013
15020015006
15021015011
15021515019
15022015010
15023015013
15024015008
15025015006
15026015009
15027015022
15027515012
15027615018
15027715019
15028015005
15028515002
15029015009
15029315017
15029515019
15030015001
15030415022
15030715013
15030915017
15031015004
15032015010
15033015011
15034015008
15034515013
15035015013
15036015014
15037015016
15037515014
15038015016
15039015001
15040015011
15040515013
15041015009
15042015020
15043015009
15044015009
15044215007
15044515015
15045015004
15046015011
15047015012
15047515002
15048015002
15049015006
15049515013
15049715016
15050015010
15050315014
15050615016
15051015001
15052015011
15053015001
15054015013
15054315018
15054815015
15054915020
15055015017
15055315019
15055515021
15056015010
15056315021
15056515002
15057015006
15058015004
15059015003
15060015002
15061015010
15061115010
15061315021
15061615021
15061815017
15061915014
15062015009
15063015006
15063515007
15064015006
15065015008
15065515013
15065815022
15066015010
15067015022
15068015002
15069015010
15070015008
15071015009
15071515020
15072015013
15073015018
15074015010
15074515021
15074615009
15074715009
15075015020
15076015013
15077015005
15077515021
15078015015
15079015006
15079515012
15079615009
15079715001
15080015012
15080315010
15080515014
15080815018
15081015016
15081215017
15081515015
15082015009
15083015013
15083515015
15084015021
16000016000
16000516003
16001016002
16001516003
16002016001
16002116003
16002316003
16002516003
16002716004
16003016003
16004016004
16005016001
16005316003
16005516002
16006016003
16007016002
16008016004
17000017000
17002517003
17003017001
17003517005
17004017008
17007017005
17010017001
17010517001
17011017006
17013017002
17019017003
17020017004
17021017002
17021517002
17022017001
17023017002
17024017008
17025517001
17027017008
17029017001
17030017002
17030517002
17030717007
17031017003
17032017003
17033017006
17036017003
17037017005
17038017001
17038217001
17038417007
17038617005
17038817002
17038917001
17039017003
17041017007
17046017004
17051017008
17055017002
17055517008
17056017008
17060017003
17061017004
17062517005
17065017001
17070017008
17071017003
17072017003
17073017004
17074017001
17075517004
17076517005
17077017002
17082017004
17082517003
17083017003
17090017007
17093017003
17095017005
17098017006
17105017007
17107017001
17109017007
17111017003
17115017005
17118017003
17119017004
17119517007
17120017006
17121517008
17124017007
17124517001
17125017003
17127017007
17128017001
17132017003
17133017003
17136017006
17137017003
17138017001
17139517002
17142017008
17143017001
17148817002
17150017004
17151017007
17151517008
17152517008
17155017004
17157017002
17157517005
17161017004
17162017008
17163017002
17165017006
17166017005
17166517003
17167017003
17170017008
17172017002
17175017004
17178017008
17179017007
17180017008
17182017006
17183017001
17184017003
17184517004
17185017007
17185517001
17186517008
17187017003
17187517007
17188017001
17188417004
17188617002
17188817006
17188917005
17189017008
17190017007
17200017001
17201017001
17201517007
17202017001
17202517005
17203017001
17204917008
17206517006
17208017001
17208517005
17209017008
17209317008
17209717005
17210017006
17211017006
17212017001
17212517003
17213017003
17220817002
17221017002
20001020998
21000021000
21000521009
21001021016
21001521013
21002021001
21003021016
21004021008
21004321015
21004721008
21005021020
21005521007
21006021009
21007021005
21008021014
21008321001
21008721008
21009021013
21009521011
21010021005
21011021003
21012021010
21012521003
21013021001
21013521001
21014021020
21015021018
21016021011
21017021004
21017321014
21017721005
21018021021
21019021001
21019321010
21019721007
21020021008
21020321008
21020721010
21021021014
21021521008
21022021014
21023021017
21023221008
21023521009
21023721003
21024021001
21025021005
21025521019
21026021007
21027021006
21027521015
21028021019
21029021007
21030021017
21031021001
21031221001
21031521007
21031721007
21032021014
21032521009
21033021015
21034021016
21035021018
21035521005
21036021015
21037021001
21037521009
21038021012
21039021016
21040021010
21040521019
21040721020
21040821011
21040921011
21041021021
21042021012
21043021007
21044021012
21045021012
21045521009
21046021012
21046221012
21046521008
21046721007
21047021012
21048021011
21049021001
21050021004
21051021003
21051521005
21052021010
21053021009
21053521011
21054021006
21054221009
21054521018
21054721011
21055021009
21056021011
21056521007
21057021008
21058021010
21059021010
21059221018
21059421010
21059621008
21059821009
21060021010
21061021021
21062021007
21063021013
21063221007
21063521008
21063721007
21064021014
21065021005
21066021017
21066321006
21066721014
21067021018
21067521006
21068021001
21069021005
21070021009
21071021003
21072021006
21072521021
21073021018
21073521008
21074021010
21074521005
21075021002
21076021005
21077021018
21078021017
21079021018
21080021018
21080521004
21081021008
21082021010
21082521005
21083021005
21084021005
21084521015
21085021008
21086021005
21087021010
21088021006
21089021010
21090021019
21090521001
21091021012
21092021003
21092321008
21092721005
21093021006
21094021004
21094521002
21095021020
21095521009
21096021003
21097021021
21097521011
21098021005
21099021008
21100021008
21100321008
21101021013
21102021003
21102321013
21102721004
21103021010
21104021014
21105021005
21106021013
21106521021
21107021012
21108021021
21108521009
21109021018
21110021005
21110221008
21110521019
21110721017
21111021018
21112021002
21112521012
21113021002
21114021010
21115021010
21115321009
21115721019
21116021021
21116321010
21116721010
21117021005
21117221010
21117421012
21117621009
21117821001
21118021011
21119021018
21119521018
21120021020
21121021015
21122021017
21122321010
21122721008
21123021011
21124021007
21124521007
21125021004
21126021014
21127021006
21128021005
21128521009
21129021005
21130021008
21140021008
22000022000
22000522015
22001022005
22002022005
22002522014
22002722014
22003022004
22004022003
22004522010
22005022005
22006022005
22007022011
22008022008
22009022006
22009522013
22010022005
22010522004
22011022012
22011522007
22011722006
22012022001
22013022010
22014022005
22015022001
22015522015
22015722015
22016022003
22017022008
22017322015
22017722001
22018022013
22019022010
22019122002
22019222011
22019422004
22019622001
22019822011
22020022002
22020222004
22020522001
22020722013
22020822002
22020922015
22021022015
22021122015
22021322015
22021722001
22022022004
22022522009
22023022011
22024022004
22024522015
22025022011
22025322002
22025522015
22026022004
22026522002
22027022002
22027122004
22027222002
22027322003
22027522008
22027722013
22028022015
22028522011
22029022012
22030022012
22031022010
22032022012
22032322010
22032522003
22032722015
22033022003
22033522011
22034022013
22034222004
22034522011
22035022006
22036022008
22037022001
22037522011
22038022009
22038522015
22039022009
22040022006
22041022005
22041522015
22042022014
22043022015
22043522013
22044022010
22045022009
22045522011
22046022005
22046522002
22047022006
22048022013
22049022015
22050022015
22051022009
22051522015
22052022015
22052522005
22052722004
22053022009
22053522015
22054022001
22054522001
22055022003
22055122004
22055222012
22055322011
22055422005
22055522003
22055622015
22055722004
22055822003
22055922006
22056022008
22057022002
22058022001
22058522001
22059022008
22059522015
22060022008
22060522015
22061022001
22062022001
22063022003
22063522004
22064022003
22065022014
22066022010
22066522012
22066722001
22066922002
22067022009
22067222003
22067522004
22068022001
22069022006
22069522004
22070022013
22071022005
22072022015
22073022015
22073522011
22074022010
22075022005
22075522013
22076022012
22077022002
22077522005
22077722015
22077922003
22078022015
22078522009
22079022004
22079322015
22079522015
22080022013
22081022006
22082022014
22083022002
22084022001
22085022001
22085522008
22086022006
22086522015
22087022010
22088022005
22088522012
22088722015
22089022007
22090022009
22091022013
22091522006
22092022007
22093022010
22093522013
22093722013
22094022014
22094522005
22095022015
22095522011
22096022006
22096522015
22097022009
22097522010
22098022005
22098522013
22098722002
22099022004
22099522013
22099722001
22100022015
22100522002
22101022009
22102022013
22103022014
22103522011
22103722013
22103822006
22103922009
22104022004
22105022005
22106022011
22106222012
22106322008
22106522004
22107022015
22108022015
22109022015
22109322013
22109522011
22109722013
22110022003
22111022003
22112022007
22113022006
22113522011
22114022006
22115022015
22116022015
22117022013
23000023000
23001023033
23001523013
23002023001
23003023021
23004023020
23005023004
23006023030
23007023023
23007523008
23008023027
23009023011
23010023016
23011023022
23012023013
23012523018
23013023029
23014023013
23015023020
23016023029
23017023031
23018023028
23018523019
23019023032
23019523014
23020023031
23020523001
23021023013
23022023015
23023023001
23024023019
23025023033
23026023001
23027023029
23028023012
23029023013
23030023012
23031023005
23032023030
23033023027
23034023002
23035023015
23036023020
23036523007
23037023016
23038023026
23039023001
23039323019
23039523014
23040023003
23041023018
23042023032
23042323002
23042523001
23042623021
23042723025
23042823016
23043023030
23043523005
23044023016
23044523022
23045023003
23046023011
23046523005
23047023001
23048023030
23049023005
23049523016
23050023002
23051023013
23052023007
23052323017
23052623019
23053023002
23053323023
23053523022
23054023026
23055023026
23056023018
23056523018
23057023028
23058023006
23059023006
23060023025
23061023005
23062023022
23062523016
23063023010
23064023008
23065023013
23065523001
23066023012
23067023024
23068023024
23069023024
23070023023
23071023032
23072023033
23072523001
23073023032
23074023027
23075023028
23076023023
23076323019
23076523016
23077023016
23078023001
23079023001
23080023005
23081023031
23082023004
23083023033
23083523021
23083723005
23084023032
23085023021
23086023018
23087023023
23088023003
23089023001
23090023005
23091023013
23092023032
23093023018
23094023018
23094523014
23095023026
23096023017
23097023016
23098023013
23099023005
23100023023
23101023013
23102023009
23102523009
23103023020
23104023012
23105023021
23106023033
23107023011
23108023025
23108523015
23109023021
23109523006
23110023006
23111023032
23112023029
23112323025
23112623018
23113023019
23113523026
23114023019
23115023023
23116023013
23117023006
23118023023
23119023020
23119523029
23120023005
23121023032
23122023007
23123023002
23124023009
23125023023
23126023011
23127023021
23128023005
23129023005
23130023021
23131023023
23132023018
23132523027
23133023020
23133523011
23134023002
23135023008
23135523010
23136023002
23137023028
23137523010
23138023010
23139023003
23139523006
23140023027
23141023002
24000024000
24001024012
24002024004
24003024009
24004024005
24005024006
24006024007
24007024004
24008024009
24009024007
24010024002
24011024001
24012024019
24013024003
24014024019
24014524001
24015024014
24016024013
24016524010
24017024015
24018024015
24018524008
24019024009
24020024011
24021024014
24022024019
24023024002
24024024012
24025024004
24026024017
24027024010
24028024014
24029024005
24030024012
24031024012
24032024005
24032524018
24033024005
24034024012
24035024019
24036024018
24037024002
24037524009
24038024010
24039024006
24040024007
24041024008
24042024019
24043024002
24044024001
24045024008
24046024015
24047024004
24048024011
24048524004
24049024006
24050024014
24051024013
24052024003
24053024015
24054024014
24055024009
24056024011
24057024012
24058024013
24059024007
24060024006
24061024004
24061524015
24062024015
24063024015
24064024014
24065024010
24066024015
24067024009
24068024014
24069024007
24070024005
24071024017
24072024008
24072524005
24073024006
24074024007
24075024016
24076024003
24077024019
24078024015
24079024014
24080024001
24081024018
24082024017
24083024015
24084024007
24085024012
24086024006
24087024003
24088024013
24089024012
24089524016
24091024015
24092024015
24093024007
24093324015
24094024006
24095024016
24096024009
24097024009
24098024019
24099024004
24100024006
24101024013
24102024006
24102524004
24103024015
24104024016
24105024006
24106024007
24107024006
24108024005
24109024015
24110024006
24110524001
24111024014
24112024014
24114024010
24114224012
24115024015
24116024008
24117024014
24118024011
24119024006
24120024017
24121024011
24122024017
24123024014
24124024012
24125024005
24125524016
24126024015
24127024015
24128024004
24129024014
24130024010
24131024015
24132024019
24133024014
24133524001
24134024011
24135024015
24135524007
24136024006
24137024014
24138024006
24139024016
24140024014
24141024006
24141524010
24142024019
24143024011
24144024016
24144524003
24145024007
24146024003
24147024015
24147524005
24148024015
24149024006
24150024019
25000025000
25001025007
25002025005
25003025015
25004025015
25005025016
25005325011
25005725012
25006025023
25007025002
25007325010
25007725003
25008025016
25009025012
25010025013
25011025015
25011525004
25012025014
25013025019
25013525010
25014025020
25015025015
25015325009
25015725011
25016025012
25017025011
25018025022
25019025016
25020025001
25020525002
25021025006
25021525017
25022025002
25023025001
25024025002
25025025011
25026025005
25027025015
25028025001
25029025001
25030025023
25031025011
25032025022
25033025002
25034025004
25035025013
25035525007
25036025016
25037025002
25037525003
25038025018
25039025010
25040025017
25040325020
25040725011
25041025002
25041525013
25042025005
25043025001
25043525011
25044025006
25045025003
25046025022
25047025010
25048025005
25048525010
25049025021
25050025009
25051025012
25052025016
25052325020
25052725020
25053025006
25053525012
25054025007
25055025003
25056025006
25057025013
25058025016
25059025005
25060025014
25061025017
25062025009
25062525019
25063025016
25064025018
25065025011
25066025006
25067025007
25068025018
25069025018
25070025006
25071025020
25072025018
25073025020
25074025001
25075025022
25076025018
25077025009
25078025008
25079025021
25080025007
25081025001
25082025016
25083025017
25084025003
25085025010
25085525016
25086025022
25087025004
25088025003
25089025020
25090025007
25090525020
25091025021
25091525003
25092025017
25093025020
25093325015
25093725001
25093925007
25094025018
25095025014
25096025002
25097025010
25098025016
25099025019
25100025003
25101025012
25102025005
25103025009
25104025005
25105025012
25106025010
25106525010
25107025004
25108025004
25109025003
25110025006
25111025009
25112025023
25113025005
25114025009
25115025021
25116025015
25117025016
25118025016
25119025023
25120025012
25120325002
25120725002
25121025003
25122025010
25123025007
25124025017
25125025017
25126025004
25127025012
25127225020
25127425013
25127525018
25127625021
25127825011
25128025001
25129025020
25130025008
25131025018
25131525019
25132025003
25133025002
25133525006
25134025008
25135025006
25136025005
25136525002
25137025022
25138025004
25138525011
25139025001
25139225003
25139425011
25139625003
25139825003
25140025011
25141025010
25142025003
25143025006
25144025004
25144525021
25145025002
25145525007
25146025004
25146525001
25147025008
25148025010
25149025008
25150025021
25151025014
25152025010
25153025021
25154025009
25155025010
25156025016
25157025006
25158025017
25159025015
25159325016
25159725021
25160025013
25161025012
25161525012
25162025003
25163025010
25164025013
25165025010
25166025007
25167025007
25167525009
25168025002
25169025002
25170025019
25171025008
25172025003
25174025010
26000026000
26000526017
26001026003
26002026005
26003026012
26004026015
26005026007
26006026008
26007026013
26008026012
26009026015
26010026011
26010526016
26011026001
26012026004
26013026012
26014026015
26015026015
26016026006
26017026008
26018026004
26019026008
26020026001
26021026011
26022026010
26023026012
26024026011
26025026003
26026026008
26027026013
26028026007
26029026018
26030026005
26031026008
26032026011
26033026011
26034026003
26034526017
26035026012
26036026013
26037026011
26038026008
26039026003
26039226006
26040026013
26041026008
26041526009
26042026015
26043026002
26044026014
26045026014
26046026013
26047026011
26048026015
26049026010
26050026012
26051026004
26051526005
26052026015
26053026001
26054026010
26054526019
26055026013
26056026003
26057026006
26058026009
26059026015
26060026011
26061026014
26062026013
26063026001
26064026008
26065026011
26066026004
26067026012
26068026016
26069026003
26070026004
26071026003
26072026018
26073026001
26074026006
26075026007
26076026016
26076526013
26077026003
26077526016
26078026013
26079026017
26079526015
26080026008
26080526006
26081026010
26082026015
26082526011
26083026011
26084026011
26084526013
26085026013
26086026011
26087026012
26087526005
26088026011
26089026010
26090026013
26091026010
26091526004
26092026015
26093026002
26094026017
26095026013
26096026017
26097026010
26098026005
26099026001
26100026015
26101026011
26102026012
26103026011
26104026002
26105026010
26106026013
26107026017
26108026007
26109026008
26110026006
26111026005
26112026008
26113026014
26114026015
26115026015
26115326003
26116026017
26117026008
26118026015
26119026015
26120026012
26121026010
26122026002
26123026011
26124026008
26124526001
26124726003
26125026009
26125526001
26126026005
26127026009
26128026003
26129026015
26130026008
26131026008
26132026011
26133026012
26134026015
26135026002
26136026003
26137026017
26138026010
26139026003
26140026002
26141026004
26142026015
26143026001
26144026003
26145026009
26146026003
26147026008
26148026006
26148526015
26150026009
26151026011
26152026005
26153026013
26154026009
26155026013
26156026001
26157026003
26158026007
26159026003
26160026007
26161026002
26161826009
26162026009
26163026013
26164026014
26165026015
27000027000
27001027001
27002027012
27003027006
27004027009
27005027011
27006027011
27007027004
27008027005
27009027004
27010027012
27011027009
27012027005
27013027009
27013527009
27014027012
27015027006
27016027001
27017027009
27018027003
27019027008
27020027006
27021027009
27022027011
27023027012
27023527006
27024027002
27025027003
27025527005
27026027006
27027027013
27028027009
27029027006
27030027008
27031027005
27032027013
27033027001
27034027004
27035027009
27036027010
27037027004
27037527012
27038027009
27039027009
27040027012
27041027006
27042027006
27043027011
27044027004
27045027010
27046027003
27047027011
27048027005
27049027005
27050027001
27051027009
27052027009
27053027005
27054027004
27055027009
27056027009
27057027004
27058027002
27059027007
27060027004
27061027003
27062027003
27063027005
27064027003
27064227001
27064427011
27065027010
27066027005
27067027013
27068027013
27069027011
27070027008
27071027002
27072027003
27073027009
27074027010
27075027013
27076027005
27077027011
27078027012
27079027011
27080027003
27081027008
27082027007
27083027008
27084027003
27085027009
27086027012
27087027010
27088027006
27089027011
27089527003
27090027005
27091027006
27091527012
27092027007
27093027008
27094027008
28000028000
28001028007
28002028003
28003028011
28004028012
28005028004
28006028011
28006728012
28007028007
28010028004
28011028007
28012028001
28013028008
28014028002
28015028010
28016028007
28017028012
28019028003
28020028008
28021028013
28022028001
28023028002
28024028001
28025028010
28026028001
28027028007
28028028013
28029028004
28030028012
28031028001
28032028013
28033028009
28034028009
28035028006
28036028010
28037028004
28038028003
28039028004
28040028010
28041028004
28042028001
28043028003
28044028007
28044528002
28045028001
28046028003
28047028007
28048028011
28049028009
28050028002
28051028012
28052028002
28053028009
28054028001
28055028005
28056028001
28057028007
28058028006
28059028010
28060028002
28061028010
28062028012
28063028013
28064028007
28065028008
28066028010
28067028011
28068028004
28069028009
28070028003
28071028005
28072028008
28073028007
28074028005
28075028012
28076028012
29000029000
29001029023
29002029005
29003029017
29003529015
29004029012
29005029025
29006029024
29007029017
29008029032
29009029031
29010029024
29011029019
29011529009
29012029028
29013029023
29013529008
29014029002
29015029012
29016029015
29017029012
29018029008
29019029017
29019529024
29020029027
29020529017
29021029016
29022029017
29022529031
29023029020
29024029031
29025029001
29026029011
29026529015
29027029006
29028029023
29029029028
29030029009
29031029031
29032029001
29032329009
29032729016
29033029031
29034029031
29035029028
29036029016
29037029028
29038029011
29039029007
29039529028
29040029023
29040529023
29041029022
29042029022
29043029024
29044029002
29045029022
29046029027
29047029031
29047529006
29048029028
29048529020
29049029020
29050029026
29051029010
29051529028
29052029026
29053029009
29054029030
29055029010
29056029031
29057029021
29058029030
29059029004
29060029008
29061029003
29062029009
29063029031
29064029016
29065029021
29066029026
29067029028
29068029014
29068229014
29068529016
29068729010
29068929027
29069029032
29070029018
29071029007
29072029004
29073029020
29074029001
29075029019
29075529022
29076029009
29077029005
29078029015
29079029015
29080029031
29081029003
29082029012
29083029020
29084029016
29085029012
29086029018
29087029027
29088029023
29089029012
29090029027
29091029003
29092029013
29093029003
29094029002
29095029024
29096029017
29097029002
29098029020
29099029004
29100029028
29100529021
29101029025
29102029020
29103029012
29104029029
29105029018
29106029018
29107029014
29107229032
29107529015
29107729007
29108029012
29108529008
29109029031
29110029031
29111029001
29112029031
29112529016
29113029009
29114029005
29115029031
29116029020
29116529027
29117029026
29118029032
29118529015
29119029011
29120029026
29121029031
29122029023
29123029028
29124029009
29125029022
29126029011
29127029031
29128029032
29129029031
29130029022
29131029009
29132029006
29133029016
29134029026
29134529030
29135029028
29136029031
29137029017
29138029012
29139029031
29140029012
29141029022
29142029024
29143029024
29144029009
29145029012
29146029009
29146529032
29147029011
29148029031
29149029031
29150029023
29151029024
29152029031
29153029032
29153529006
29154029031
29155029031
29156029032
29157029031
29158029029
29159029019
29160029032
29161029021
29162029031
29163029031
29164029029
29165029015
29166029031
29167029024
29168029029
29168529012
29169029024
29170029008
29171029029
29172029027
29173029030
29173329026
29173529003
29174029026
29175029010
29176029024
29177029008
29178029020
29179029018
29180029024
29181029013
29182029024
29183029024
29183529009
29184029004
29184529032
29185029009
29185529031
29186029023
29187029024
29187529026
29188029024
29189029032
29190029011
29190529024
29191029016
29191529009
29192029021
29193029023
29194029026
29195029025
29195529001
29196029011
29197029029
29198029022
29199029005
29199229021
29199529027
29200029029
29201029011
29202029026
29203029027
29204029028
29204529002
29205029024
29206029020
29207029030
29208029024
29209029031
29210029019
29210529026
29211029032
29212029010
29213029024
29214029010
29214529028
29215029014
29216029006
29217029010
29218029026
29219029023
29220029032
29220529009
29221029011
29222029020
29222529006
29223029020
29224029024
29225029020
29226029030
29226529014
29227029028
29227329016
29227529031
29228029024
29228529023
29229029015
29230029032
29230329022
29230529015
29231029015
29232029022
29233029012
29233529010
29234029026
29235029023
29236029025
29237029007
29238029015
29239029031
29240029005
29240529016
29241029012
29242029013
29243029023
29244029004
29245029026
29246029008
29246529012
29246729030
29247029027
29248029010
29249029024
29250029028
29251029028
29252029019
29252529010
29253029032
29254029029
29255029032
29256029009
29257029027
29257529030
29258029014
29259029014
29259329010
29259529012
29260029004
29261029016
29262029001
29263029016
29264029026
29265029015
29266029015
29266529029
29267029023
29268029027
29269029025
29270029017
29271029005
29272029011
29273029020
29274029021
29275029012
29276029013
29277029032
29278029031
29279029024
29280029016
29280529031
29281029003
29282029003
29283029012
29284029002
29285029012
29286029020
29287029020
29288029012
29289029001
29289529016
29290029020
29290529003
29291029020
29292029021
29292529009
29293029012
29293529031
29293729010
29294029024
29295029019
29296029020
29297029017
29297529020
29298029010
29299029023
29300029026
29301029008
29301529007
29302029004
29303029003
29304029012
29305029016
29306029010
29307029021
29307529007
29307629013
29307729004
29308029009
29309029002
29310029027
29310529022
29311029012
29312029030
29313029011
29313529032
29314029012
29315029016
29316029031
29317029019
29318029027
29319029014
29320029014
29321029024
29322029031
29323029031
29324029009
29324529008
29325029031
29326029026
29327029031
29328029023
29329029030
29330029016
29330529011
29331029010
29331529010
29331729020
29332029021
29332529032
29333029028
29334029023
29334529002
29335029031
29336029006
31000031000
31001031019
31002031024
31003031061
31004031060
31005031039
31006031036
31007031022
31008031045
31009031016
31010031005
31011031041
31012031055
31013031054
31014031051
31015031066
31016031049
31016331059
31017031014
31018031037
31019031047
31020031049
31020531061
31021031062
31022031041
31023031031
31024031028
31025031062
31026031051
31027031013
31028031055
31028531011
31029031059
31030031039
31031031063
31032031027
31033031065
31034031012
31035031018
31036031055
31037031062
31037531018
31038031020
31039031026
31040031023
31041031048
31042031044
31043031049
31044031066
31044531011
31045031001
31046031064
31047031015
31048031025
31049031054
31050031027
31051031042
31052031014
31053031051
31054031031
31055031063
31056031059
31057031060
31059031059
31060031031
31061031065
31062031030
31063031039
31064031032
31065031011
31066031016
31066531005
31067031030
31068031065
31069031065
31070031024
31071031050
31072031055
31073031009
31074031026
31075031055
31076031047
31077031031
31078031040
31079031052
31080031046
31081031032
31082031001
31082531003
31083031052
31084031051
31085031008
31085531002
31086031007
31087031062
31088031035
31089031056
31090031030
31091031052
31092031025
31092531040
31093031001
31094031006
31094531001
31095031048
31096031027
31097031053
31098031017
31099031027
31100031030
31101031063
31102031062
31103031051
31104031044
31105031052
31106031052
31107031054
31108031037
31109031050
31110031051
31111031021
31111531007
31112031045
31113031050
31114031022
31115031023
31116031050
31117031062
31118031018
31119031045
31120031045
31120531036
31121031061
31122031059
31123031011
31124031047
31125031027
31126031017
31126531037
31127031007
31128031047
31129031061
31130031012
31131031059
31132031059
31133031063
31134031040
31135031011
31136031053
31137031016
31138031035
31139031050
31140031046
31141031054
31142031043
31143031020
31144031049
31145031046
31145531021
31146031057
31147031049
31148031055
31149031034
31150031018
31151031047
31152031058
31153031066
31153531031
31154031034
31154531015
31154731004
31155031054
31156031024
31157031038
31158031018
31159031065
31160031061
31161031011
31161531003
31162031065
31163031062
31164031047
31165031007
31166031043
31167031062
31168031035
31169031021
31170031013
31171031049
31172031053
31173031022
31174031041
31175031028
31176031043
31177031054
31178031053
31178331003
31178731030
31179031052
31180031034
31181031028
31182031022
31183031034
31184031041
31185031056
31186031030
31187031050
31188031007
31189031027
31190031053
31191031025
31192031037
31193031019
31194031039
31195031012
31196031065
31197031058
31198031042
31199031052
31199531044
31200031040
31201031010
31201531016
31202031045
31203031008
31204031034
31205031056
31206031032
31207031019
31208031055
31208331041
31208731005
31209031025
31210031010
31211031056
31212031047
31212531022
31213031065
31214031034
31215031059
31216031010
31217031033
31218031031
31219031064
31220031063
31221031037
31222031035
31223031043
31223531005
31224031049
31224531014
31224731001
31225031040
31226031028
31227031060
31228031056
31229031066
31230031058
31231031035
31232031026
31233031064
31234031042
31235031019
31235231061
31236031050
31237031037
31238031009
31238531040
31239031034
31240031062
31241031030
31242031063
31243031004
31244031052
31245031052
31246031066
31247031026
31248031019
31249031063
31250031065
31251031052
31252031049
31253031063
31254031010
31255031010
31256031014
31257031025
31258031037
31259031031
31259531063
31260031029
31261031044
31262031001
31263031047
31264031027
31265031011
31266031009
31267031007
31267531015
31268031015
31269031037
31269531036
31270031021
31270531016
31270731005
31271031021
31272031027
31273031037
31273331004
31273531007
31273731041
31273831065
31274031052
31275031035
31276031010
31277031037
31278031008
31279031019
31280031035
31281031050
31282031060
31282531009
31283031048
31284031064
31285031065
31286031002
31287031048
31288031064
31289031020
31290031064
31291031017
31292031053
31293031040
31294031059
31295031023
31296031006
31296531007
31297031047
31298031030
31299031051
31300031046
31300531003
31301031030
31302031043
31303031042
31304031057
31305031050
31305531040
31306031051
31306531005
31307031018
31308031057
31309031040
31310031027
31311031025
31311531040
31312031041
31313031039
31314031017
31315031052
31316031019
31317031031
31318031038
31319031033
31320031008
31321031003
31322031032
31323031015
31324031056
31325031011
31326031066
31327031037
31328031028
31329031048
31330031054
31331031054
31332031037
31333031013
31334031021
31335031044
31336031052
31337031032
31337531047
31338031043
31339031034
31340031012
31341031041
31342031017
31343031057
31344031021
31345031057
31346031027
31347031014
31348031048
31349031051
31350031039
31350531004
31350731037
31351031004
31352031003
31353031026
31353531007
31354031032
31354531011
31355031060
31356031006
31357031027
31358031014
31359031054
31360031014
31361031039
31362031031
31363031002
31364031025
31365031014
31365231011
31365531036
31365731008
31366031031
31366531030
31367031065
31368031007
31369031048
31369531003
31370031015
31371031002
31372031026
31373031006
31374031058
31375031020
31375331002
31376031030
31377031061
31378031054
31379031062
31380031066
31381031006
31382031057
31383031026
31383531011
31384031066
31385031055
31386031065
31386231021
31386531007
31386731061
31386831007
31387031057
31388031026
31389031016
31390031049
31391031058
31392031015
31392531004
31393031003
31394031061
31395031061
31396031038
31397031027
31398031065
31399031056
31400031033
31401031037
31401531030
31402031065
31403031039
31404031056
31405031026
31405331061
31405531014
31406031035
31407031030
31408031065
31408531003
31409031061
31410031004
31411031027
31412031020
31413031042
31414031013
31415031038
31416031064
31417031039
31418031011
31419031055
31420031007
31421031063
31422031063
31422531003
31423031032
31424031026
31425031025
31426031050
31427031003
31428031018
31429031004
31430031048
31431031019
31431531014
31432031048
31433031007
31434031051
31434531005
31435031024
31436031025
31437031028
31438031052
31439031063
31440031041
31441031048
31442031037
31443031016
31443531039
31443731001
31444031053
31445031058
31446031057
31446531005
31446731038
31447031031
31448031030
31449031037
31450031023
31450531004
31451031048
31452031043
31453031012
31453531015
31453731005
31454031065
31454531009
31455031054
31456031046
31457031065
31458031029
31458531060
31458731063
31459031034
31460031051
31461031033
31462031015
31462531008
31463031012
31464031024
31465031044
31465531004
31466031065
31467031066
31467531014
31469031027
31470031002
31471031029
31472031049
31473031056
31474031027
31475031028
31476031054
31477031046
31478031055
31479031047
31479531007
31480031020
31481031019
31482031063
31483031062
31484031035
31485031015
31486031036
31487031013
31487531061
31488031062
31489031044
31490031063
31491031053
31491531003
31492031023
31493031030
31494031065
31495031065
31496031027
31497031043
31498031023
31499031045
31499531039
31500031037
31501031065
31501531040
31502031060
31503031058
31504031032
31505031044
31505331040
31505731003
31506031046
31507031021
31508031062
31509031056
31510031056
31511031066
31512031006
31513031064
31514031029
31515031042
31516031021
31517031049
31518031051
31519031041
31520031024
31521031060
31521331007
31521731012
31522031004
31523031062
31524031015
31525031052
31526031054
31527031058
31528031018
31529031047
31530031023
31531031062
31532031025
31533031010
31534031002
31535031061
31536031027
31537031026
31538031034
31539031030
31540031060
31541031066
31541531061
31542031058
31543031041
31544031059
31544531006
31545031004
31546031030
31547031057
31548031030
31549031060
31550031060
31551031014
31552031062
31553031032
31554031065
31555031020
31556031005
31557031031
31558031064
31559031065
31560031028
31561031058
31562031065
31563031064
31564031019
31564531063
31565031005
31566031014
31567031030
31568031035
31569031023
31570031005
31571031014
31572031031
31572531040
31572731065
31573031059
31573331058
31573731005
31574031060
31575031035
31576031006
31576531016
31577031023
31578031030
31579031061
31580031031
31581031014
31582031036
31583031050
31584031066
31585031027
31586031065
31587031058
31588031045
31589031061
31589531039
31590031027
31591031034
31592031051
31593031065
31593531040
31594031065
31595031041
31596031053
31597031020
31598031017
31599031046
31600031066
31601031060
31602031028
31603031014
31604031043
31604531005
31605031028
31606031025
31607031065
31608031050
31609031034
31609531040
31610031031
31610531038
31611031003
31612031046
31613031021
31614031063
31615031064
31616031037
31616531037
31617031002
31618031043
31619031031
31620031053
31621031020
31622031047
31622531007
31623031053
31624031007
31624531003
31625031058
31625531061
31625731038
31626031040
31626531007
31627031005
31628031035
31629031065
31629231030
31629431047
31629531030
31630031037
31631031029
31632031053
31633031037
31634031031
31635031036
31636031061
31637031054
31638031062
31639031048
31640031060
31641031036
31642031006
31643031042
31644031053
31644331063
31644731040
31645031036
31646031043
31647031048
31648031028
31649031054
31650031058
31651031048
31652031050
31653031055
31654031052
31655031035
31655331030
31655531015
31655631060
31655731052
31656031065
31657031064
31658031052
31659031010
31660031062
31661031035
31662031059
31663031060
31664031055
31665031028
31666031026
31667031016
31668031019
31669031049
31669531004
31670031055
31671031028
31672031027
31673031064
31674031053
31675031065
31676031061
31677031037
31678031054
31679031064
31680031005
31680531041
31681031023
31682031042
31683031031
31684031040
31685031062
31686031015
31687031039
31688031058
31689031020
31690031064
31690531052
31691031052
31692031063
31693031050
31693531024
31694031050
31695031037
31696031018
31697031011
31698031053
31699031064
31700031007
31700531040
31701031022
31702031018
31703031016
31704031001
31704331021
31704731001
31705031060
31705231003
31705731040
31706031042
31706531005
31707031050
31707531002
31708031006
31709031007
31710031002
31710331007
31710731011
31711031022
31711531060
31712031030
31713031062
31714031063
31715031037
31716031012
31717031056
31718031035
31719031037
31720031064
31721031066
31722031056
32000032000
32001032007
32001332002
32001632001
32002032011
32003032010
32003532003
32004032010
32005032012
32006032006
32007032012
32008032003
32009032001
32010032002
32011032012
32011532007
32012032012
32013032009
32014032012
32015032003
32016032005
32017032007
32018032011
32019032007
32020032011
32021032001
32022032006
32022532003
32023032011
32024032010
32024532011
32025032006
32025532011
32026032010
32026532011
32027032008
32028032013
32029032008
32030032011
32030532005
32031032012
32031332006
32031632007
32032032006
32033032001
32033232013
32033432007
32033532003
32034032012
32035032004
32036032004
32037032011
32038032012
32039032002
32040032003
32040532005
32041032004
32042032010
32042532004
32043032013
32043532006
32044032010
32045032008
32045532008
32046032008
32046532003
32047032002
32048032012
32049032005
32049532008
32050032009
32050132006
32050332012
32050632007
32051032009
32051532002
32051732002
32052032009
32053032009
33000033000
33001033013
33001533002
33002033010
33002233005
33002333010
33002533010
33003033012
33004033011
33004533018
33005033007
33006033001
33007033010
33008033016
33009033002
33009333004
33009533005
33010033003
33011033006
33011533003
33012033006
33013033009
33014033004
33015033006
33016033007
33017033018
33018033014
33018533018
33018733010
33019033018
33020033017
33020533001
33021033002
33022033001
33022533011
33022733018
33023033001
33024033004
33024533006
33025033018
33026033017
33027033018
33028033014
33028533018
33029033014
33030033002
33031033001
33032033018
33033033018
33034033007
33035033018
33036033014
33037033005
33038033013
33038533014
33039033015
33039533011
33040033011
33041033001
33041133011
33041233011
33041433018
33041533004
33042033011
33043033016
33044033011
33045033012
33045233009
33045533018
33046033008
33047033002
33047533003
33048033003
33049033018
33050033003
33051033018
33051333002
33051533015
33052033010
33053033008
33054033005
33055033010
33055533017
33056033009
33057033007
33057533018
33058033015
33059033008
33060033005
33061033012
33061533001
33062033014
33063033011
35000035000
35001035035
35002035004
35003035029
35004035030
35005035033
35005535022
35006035028
35007035020
35007535042
35008035036
35009035004
35010035015
35011035018
35011535046
35012035003
35013035036
35014035038
35015035038
35016035032
35017035024
35018035003
35019035033
35020035025
35021035016
35022035042
35023035023
35024035036
35025035051
35026035001
35027035044
35027535046
35028035017
35029035046
35030035011
35031035022
35031535052
35032035024
35033035027
35033535037
35034035020
35035035052
35036035020
35037035005
35038035031
35039035059
35039535001
35040035039
35041035048
35042035006
35043035020
35044035018
35045035022
35046035004
35047035020
35048035004
35049035052
35050035041
35051035018
35052035021
35053035021
35053535044
35054035055
35055035009
35056035014
35057035057
35058035037
35059035015
35060035020
35061035013
35062035017
35063035040
35063535063
35064035018
35065035018
35066035062
35067035024
35068035021
35069035023
35070035043
35071035048
35071535041
35072035039
35073035021
35074035024
35074535020
35075035023
35076035048
35077035018
35077535018
35078035014
35079035026
35080035041
35081035018
35082035011
35083035020
35084035046
35085035050
35086035051
35087035030
35088035019
35089035036
35090035058
35091035036
35092035057
35092535055
35093035005
35094035015
35094535042
35095035032
35096035047
35097035049
35098035039
35099035055
35099535051
35100035039
35101035013
35101535040
35102035044
35103035046
35104035028
35105035054
35106035057
35107035003
35108035030
35109035015
35110035016
35111035005
35112035005
35113035004
35114035022
35115035043
35116035043
35117035028
35119035018
35120035009
35121035009
35122035027
35123035023
35124035027
35125035018
35126035041
35127035026
35128035032
35129035003
35130035060
35131035014
35132035012
35133035039
35134035051
35135035063
35136035053
35137035025
35138035061
35138535001
35139035030
35140035024
35141035021
35142035001
35143035025
35144035034
35145035020
35146035014
35147035038
35148035055
35149035032
35149235005
35149535005
35150035060
35151035060
35151235036
35151535031
35151835030
35151935040
35152035002
35153035036
35153535036
35154035040
35155035002
35156035013
35156535038
35157035062
35158035035
35159035006
35160035035
35161035039
35162035012
35163035058
35164035058
35165035018
35166035038
35167035038
35168035006
35168535024
35169035006
35170035019
35171035018
35172035019
35173035019
35174035010
35175035004
35176035044
35177035011
35178035016
35179035004
35180035002
35181035020
35182035017
35183035062
35184035051
35185035042
35186035013
35187035063
35188035059
35188535014
35189035006
35190035037
35190535032
35190735032
35191035020
35192035037
35192535022
35193035025
35194035004
35195035039
35196035024
35197035045
35198035004
35199035039
35200035021
35201035011
35202035050
35203035055
35204035054
35204235055
35204435016
35205035032
35206035036
35207035002
35208035035
35209035040
35210035046
35211035026
35211535004
35212035044
35213035010
35214035027
35215035008
35216035035
35217035041
35218035022
35219035008
35220035021
35221035056
35221535044
35222035060
35223035042
35224035041
35225035057
35226035031
35226535044
35227035024
35228035041
35229035021
35230035016
35231035062
35232035041
35233035056
35234035048
35235035022
35236035026
35237035012
35238035030
35239035046
35240035047
35241035011
35242035010
35243035013
35244035050
35245035004
35246035055
35247035032
35248035001
35249035053
35250035057
35251035014
35252035048
35253035021
35254035012
35255035048
35256035036
35257035004
35258035019
35258535028
35259035047
35260035034
35261035055
35262035060
35263035053
35264035043
35265035017
35266035051
35267035027
35268035020
35269035027
35270035033
35271035019
35272035051
35272535018
35273035047
35274035035
35275035020
35276035014
35277035018
35278035038
35279035039
35280035021
35281035007
35282035002
35283035006
35284035046
35285035058
35286035040
35287035036
35288035039
35288535008
35289035035
35290035038
35291035001
35292035036
35293035024
35294035061
35295035004
35296035002
35296535001
35297035010
35298035021
35299035055
35300035002
35301035016
35302035036
35303035004
35304035004
35305035030
35306035062
35307035031
35308035031
35309035028
35310035007
35311035056
35312035033
35313035013
35314035007
35315035013
35316035034
35317035049
35318035032
35319035010
35320035048
35320535024
35321035016
35321535039
35322035036
35323035053
35324035048
35325035007
35326035007
35327035007
35328035004
35328235041
35328435001
35328635006
35329035024
35330035004
35331035034
35332035016
35332535005
35333035006
35334035032
35335035008
35336035010
35337035038
35338035040
35339035004
35340035004
35341035038
35342035004
35343035010
35344035057
35345035038
35346035035
35347035040
35347535002
35348035034
35349035035
35350035004
35351035005
35352035001
35353035039
35354035034
35355035039
35356035053
35357035005
35358035022
35359035001
35360035035
35361035023
35362035055
35362535003
35363035012
35364035034
35365035032
35365735020
35366035004
35367035021
35368035033
35369035002
35370035012
35371035032
35371535039
35372035056
35373035018
35374035016
35375035043
35376035056
35377035018
35378035045
35379035045
35380035050
35381035005
35382035033
35383035036
35385035051
35386035048
35387035028
35388035040
35389035020
35390035013
35391035057
35392035036
35393035029
35394035020
35395035013
35396035004
35397035039
35398035062
35399035007
35400035038
35401035020
35402035014
35402535001
35403035003
35404035001
35405035043
35406035046
35407035029
35407535051
35408035004
35408535035
35409035014
35410035063
35410535023
35411035020
35412035036
35413035036
35414035036
35415035036
35416035019
35416535043
35417035039
35418035037
35419035051
35420035037
35421035028
35422035036
35423035053
35424035036
35425035020
35426035055
35427035012
35428035044
35429035025
35430035044
35431035012
35432035040
35432335036
35432535044
35433035061
35434035014
35435035041
35436035012
35437035024
35438035035
35439035026
35440035028
35441035061
35442035003
35442535036
35443035051
35444035017
35445035001
35446035019
35447035035
35448035008
35449035010
35450035062
35451035035
35451535028
35452035046
35453035046
35454035040
35455035036
35456035005
35457035001
35458035032
35460035050
35461035001
35462035027
35462535015
35463035029
35464035040
35465035013
35466035001
35467035027
35468035059
35469035024
35470035028
35471035034
35472035001
35473035057
35474035001
35475035014
35476035014
35476535001
35477035036
35478035061
35479035015
35480035031
35480535017
35481035030
35482035049
35483035036
35484035018
35485035063
35486035049
35487035061
35488035061
35489035025
35490035001
35491035030
35492035002
35492535006
35493035034
35494035010
35495035012
35496035052
35497035030
35498035004
35499035050
35499535060
35500035053
35501035023
35502035045
35503035061
35504035028
35505035040
35506035046
35507035054
35508035030
35509035014
35510035063
35511035046
35512035040
35513035007
35514035014
35515035014
35516035033
35517035014
35518035055
35519035005
35520035052
35521035033
35522035046
35523035016
35524035032
35525035062
35525535016
35526035005
35527035024
35528035060
35529035036
35530035040
35531035013
35532035013
35533035030
35534035004
35535035045
35536035030
35536535013
35537035013
35538035041
35538535041
35539035036
35539535039
35540035043
35541035050
35542035040
35543035036
35544035013
35545035028
35546035040
35546535043
35547035026
35547535024
35548035050
35549035001
35549535048
35550035037
35551035034
35552035018
35553035002
35553535004
35554035054
35555035020
35556035004
35557035007
35558035001
35559035020
35560035008
35561035003
35562035032
35563035017
35563535048
35564035030
35564535060
35565035047
35566035038
35567035032
35568035013
35569035013
35569535001
35570035046
35571035003
35571535004
35572035040
35573035031
41000041000
41001041015
41002041035
41003041039
41004041037
41004541004
41005041002
41006041001
41007041002
41008041007
41009041001
41010041025
41010541023
41011041015
41011541006
41012041038
41013041034
41014041010
41015041010
41016041020
41016541013
41017041005
41018041037
41018541013
41019041014
41020041022
41021041006
41022041006
41023041037
41024041015
41025041005
41026041026
41027041016
41027541025
41028041007
41029041033
41030041004
41030241026
41030441028
41030541023
41031041037
41031541026
41032041012
41032241027
41033041012
41033541023
41033741002
41034041006
41034541023
41034741002
41035041010
41036041016
41037041011
41038041010
41039041004
41039541029
41040041037
41040541023
41041041039
41042041037
41042541037
41043041005
41044041013
41044241029
41044541029
41045041025
41046041023
41046541021
41047041018
41048041023
41049041021
41050041023
41051041006
41052041035
41053041024
41054041027
41055041003
41056041003
41057041030
41058041037
41059041006
41060041015
41061041017
41062041037
41063041023
41064041015
41064541030
41065041027
41065541005
41065741026
41066041002
41067041001
41068041033
41068541012
41069041037
41070041017
41071041001
41071241023
41071541022
41072041026
41072541002
41073041008
41074041026
41075041005
41075241002
41075341022
41075441029
41075541005
41076041012
41076541037
41077041005
41077341031
41077541017
41078041008
41078541026
41079041008
41080041007
41081041006
41082041022
41083041024
41083241002
41084041026
41084541029
41085041033
41085541013
41086041004
41086541029
41087041013
41088041022
41089041001
41089541031
41090041018
41091041003
41092041006
41093041023
41094041029
41095041038
41096041038
41096541030
41097041017
41097541023
41098041011
41099041002
41100041006
41100541023
41100741019
41101041031
41102041029
41103041001
41104041003
41105041031
41106041002
41106541022
41107041032
41108041005
41109041006
41109541024
41110041015
41111041008
41112041027
41112541037
41113041001
41114041031
41115041013
41115541002
41116041008
41117041017
41118041016
41119041006
41120041020
41121041010
41122041004
41123041017
41124041003
41125041013
41126041001
41127041014
41127541022
41128041018
41129041016
41129541004
41130041003
41131041012
41132041036
41132541028
41133041029
41134041015
41134241013
41134541023
41135041001
41136041006
41137041011
41137341005
41137541013
41138041006
41139041032
41140041005
41141041006
41142041009
41143041037
41143541026
41144041030
41145041013
41146041022
41147041002
41148041009
41149041010
41150041001
41151041002
41152041009
41153041027
41153541022
41154041026
41154541029
41155041012
41156041024
41157041038
41157341028
41157541010
41158041024
41158541022
41159041001
41160041007
41160541024
41161041004
41162041038
41163041006
41164041006
41165041001
41166041015
41167041023
41168041004
41169041006
41169541026
41170041015
41170541029
41171041001
41172041002
41172141014
41172241022
41172541026
41172741013
41172941010
41173041019
41174041008
41174541022
41175041009
41176041030
41177041021
41178041028
41179041022
41180041001
41181041001
41182041038
41183041001
41184041001
41184541022
41185041027
41186041033
41187041033
41188041005
41188541002
41189041002
41190041025
41191041039
41191541037
41192041017
41192541026
41193041029
41194041020
41195041037
41196041028
41196541011
41197041001
41198041025
41199041021
41199541038
41200041007
41201041036
41201541029
41202041001
41203041033
41203341007
41203541025
41204041006
41205041007
41206041031
41206541004
41207041018
41208041037
41208541022
41209041029
41210041001
41211041005
41212041039
41212541024
41213041014
41213541004
41214041025
41215041032
41216041026
41217041019
41217541029
41218041016
41219041015
41220041032
41221041012
41221541029
41221741013
41222041037
41223041039
41224041011
41225041005
41226041003
41226541013
41227041010
41228041026
41229041018
41230041026
41231041015
41232041014
41233041001
41234041006
41235041022
41236041006
41237041001
41238041025
41238241023
41238541028
41239041015
41239541001
41240041018
41240241023
41240541024
41241041016
41242041001
41243041015
41244041026
41245041006
41246041001
41247041014
41248041027
41249041001
41250041013
41251041034
41252041026
41253041008
41253541002
41254041018
41254541022
41255041037
41255541003
41256041034
41257041024
41257541022
41258041013
41259041001
41260041014
41261041003
41262041017
41262541009
41262741027
41263041020
41263541024
41264041015
41265041007
41266041018
41266541027
41266741011
41267041001
41268041003
41269041002
41270041031
41271041019
41272041005
41273041001
41274041022
41275041019
41276041039
41277041022
41278041018
41278541023
41278841037
41279041003
41279541022
41279641029
41280041004
41281041002
41282041033
41283041006
41284041014
41285041018
41285341019
41285541024
41286041026
41286241002
41286341035
41286541029
41287041027
41288041002
42000042000
42000542009
42001042003
42002042014
42003042011
42004042004
42005042002
42005542002
42006042017
42007042017
42007542005
42008042001
42009042015
42010042010
42011042017
42012042016
42012542012
42012742005
42013042008
42014042020
42015042018
42016042004
42016542005
42017042012
42018042014
42019042011
42019542020
42020042013
42020542008
42020742020
42020842001
42020942001
42021042013
42021342006
42021542001
42022042012
42023042016
42024042012
42024342010
42024542013
42025042010
42025342003
42025742002
42026042010
42027042012
42028042018
42028542011
42028742009
42029042012
42030042004
42031042002
42031542004
42032042013
42032542010
42033042007
42034042010
42035042002
42036042009
42037042015
42038042006
42039042004
42039542018
42040042004
42041042002
42041542010
42041742010
42041942014
42042042002
42042542019
42043042005
42043542002
42044042002
42044542003
42045042008
42045542010
42046042019
42047042002
42047542002
42048042009
42049042001
42050042001
42051042011
42051542012
42051742003
42051942020
42052042004
42053042003
42053542002
42054042016
42054342002
42054542019
42055042004
42055542009
42056042003
42057042018
42058042008
42059042012
42060042016
42061042018
42062042018
42063042012
42064042001
42065042008
42066042001
42066542002
42067042004
42067542004
42068042004
42069042011
42070042019
42071042013
42072042018
42073042018
42074042014
42075042012
42075742004
42076042005
42076542001
42076842003
42077042005
42077542002
42078042005
42078542002
42079042006
42080042005
42081042006
42082042013
42083042013
42084042001
42084542008
42085042014
42086042004
42087042020
42088042018
42089042008
42089542002
42090042004
42091042008
42091542011
42091742003
42092042004
42093042010
42094042018
42094542003
42095042011
42096042019
42097042004
42098042015
42098542005
42099042011
42100042012
42100342004
42100542004
42101042006
42102042015
42103042006
42104042020
42105042002
42105542003
42106042008
42107042004
42108042020
42108542011
42109042002
42110042001
42110542009
42111042006
42112042019
42112542020
42113042013
42114042002
42114542002
42115042015
42116042019
42116542002
42117042018
42117542010
42118042004
42118542003
42118742005
42118942010
42119042016
42120042001
42120542010
42121042002
42122042006
42122342001
42122542020
42122742003
42123042016
42124042018
42125042013
42126042005
42126542018
42127042014
42128042013
42129042002
42130042004
42131042005
42131542002
42132042012
42133042009
42133542009
42134042003
42135042013
42136042006
42137042011
42138042020
42139042005
42140042011
42141042011
42141542001
42142042002
42143042017
42144042004
42145042011
42146042011
42147042012
42148042011
42149042018
42150042007
42150542010
42150742001
42151042012
42152042001
42153042011
42153542002
42154042004
42154542018
42155042009
42155542001
42156042018
42156542020
42156742006
42156842002
42156942002
42157042016
42157542002
42158042007
42159042017
42160042002
42160542009
42161042003
42162042008
42162542001
42163042015
42163542013
42164042020
42165042010
42166042016
42167042001
42168042010
42169042002
42170042018
42171042018
42171542002
42172042001
42172542016
42173042002
42174042008
42175042005
42175542002
42176042019
42177042020
42177542002
42178042011
42179042004
42179542002
42180042015
42181042020
42182042012
42182542006
42183042006
42183542019
42184042018
42185042004
42186042011
42187042018
42187542001
42188042020
42188542002
42189042010
42189542010
42190042019
42191042003
42191542009
42191742004
42192042014
42193042004
42193542011
42194042011
42195042003
42196042005
42197042003
42198542009
42200042019
43000043000
43000343031
43000543010
43001043019
43002043008
43003043001
43004043029
43004543008
43004743009
43005043003
43005543011
43005743023
43006043026
43006343032
43006443003
43006643014
43007043014
43008043016
43008543028
43008743026
43009043004
43010043021
43010543027
43010743033
43011043025
43012043020
43013043034
43014043014
43015043008
43015543004
43016043031
43016343027
43016543023
43017043004
43017543025
43018043005
43018543002
43018743029
43019043028
43019243004
43019543009
43020043013
43020543004
43021043016
43021543009
43022043002
43022243011
43022343011
43022543016
43023043015
43023543023
43023743002
43024043021
43024543021
43025043007
43025843008
43026043002
43026543023
43027043025
43028043032
43029043018
43030043022
43031043026
43032043005
43033043006
43034043003
43035043028
43035543010
43036043015
43036743015
43037043006
43038043004
43039043026
43040043002
43041043011
43042043020
43043043001
43043543032
43044043024
43045043033
43046043026
43046143021
43046243015
43046343027
43046543017
43046643033
43046743027
43046843023
43046943021
43047043009
43047143027
43048043016
43048543004
43049043010
43049543010
43050043007
43051043016
43051143004
43051243033
43051343022
43051543009
43051743028
43052043006
43053043009
43053543025
43053743010
43054043008
43054343035
43054443028
43054543027
43055043010
43055843021
43056043012
43057043008
43058043003
43058343021
43058543009
43058743008
43059043008
43059343016
43059543016
43059743010
43060043002
43060543033
43060743003
43061043011
43061343004
43062043021
43063043010
43063243002
43063543007
43063743018
43064043024
43064243003
43064543014
43065043028
43065543027
43066043031
43067043019
43067343002
43067543021
43067643026
43068043021
43069043032
43069243003
43069343007
43069543004
43069743004
43070043004
43070543010
43071043034
43072043004
43073043003
43074043015
43074543002
43075043011
43075543004
43076043026
43077043026
43078043021
43078143020
43078343007
43078643016
43079043016
43080043019
43080543004
43080743021
43081043023
43082043016
43082543004
43083043013
43084043019
43084343021
43084543011
43085043003
43086043016
43086543029
43087043004
43088043025
43088543010
43089043004
43090043007
43090543026
43091043024
43091243003
43091543020
43092043026
43092543014
43093043026
43094043014
43095043006
43095543023
43095743020
43096043002
43096543031
43097043002
43097543020
43098043005
43099043010
43099543013
43100043011
43101043024
43102043008
43103043014
43103343027
43103643021
43104043001
43104143008
43104343015
43104643004
43105043003
43105343018
43105543017
43105743014
43106043029
43106543027
43107043004
43107543019
43108043024
43108543009
43108743011
43109043004
43110043034
43111043018
43111243015
43111343017
43111543011
43112043017
43112343020
43112543013
43112743012
43113043015
43114043021
43114243009
43115043031
43116043003
43116243024
43116443023
43117043005
43117143029
43117343027
43117543029
43117743027
43117943023
43118043010
43119043004
43119843026
43120043004
43120543021
43121043018
43121343010
43121543020
43121743006
43122043005
43122543025
43123043002
43123543014
43123743015
43123843016
43124043023
43124243013
43124443027
43124543033
43124743024
43125043027
43126043021
43126143015
43126243010
43126543012
43126743010
43127043003
43127543014
43128043014
43129043014
43129543009
43130043021
43130143002
43130343018
43130643026
43130843016
43131043019
43132043024
43133043014
43133343008
43133543016
43133743026
43133943022
43134043026
43134243001
43134443003
43134643003
43134943009
43135043027
43136043005
43136543027
43137043009
43138043003
43139043008
43139543022
43140043014
43140243022
43140343023
43140543026
43140643020
43140743022
43141043010
43141343004
43141543021
43141743032
43142043033
43143043008
43144043033
43144243024
43144543009
43144643015
43144743017
43144943003
43145043032
43145343016
43145443016
43145543007
43146043032
43147043003
43147543023
43147743010
43147843004
43148043023
43149043026
43150043001
43150543001
43150743001
43151043006
43151343021
43151443024
43151543021
43151743014
43152043014
43153043029
43153143004
43153243017
43153543011
43154043002
43154543021
43155043019
43155543003
43156043035
43157043022
43157543024
43158043021
43159043003
43159543007
43160043024
43161043010
43162043003
43163043006
43164043030
43164243009
43164343011
43164543011
43164743006
43165043023
43166043005
43167043011
43167343010
43167543021
43168043020
43169043018
43169543024
43169743030
43170043032
43171043030
43172043001
43172543016
43173043035
43174043017
43175043007
43175543010
43176043027
43177043007
43177543009
43178043008
43179043001
43179543005
43180043029
43180543010
43181043029
43182043015
43183043030
43184043025
43184243005
43184343019
43184443014
43184543009
43184643013
43184843023
43184943001
43185043035
43186043005
43186143023
43186243015
43187043026
43188043033
43189043007
43190043016
43191043002
43191243018
43191543007
43192043007
43193043006
43193543023
43193643009
43193743006
43194043018
43195043023
43196043018
43197043004
43197143014
43197343008
43197543023
43198043018
43199043026
43200043026
43201043009
43202043003
43202343002
43202643020
43203043012
43203243007
43203543028
43204043014
43204543021
43205043010
43205543026
43205743006
43206043004
43206543019
43206743020
43207043020
43208043013
43208543021
43209043010
43210043012
43211043028
43212043024
43213043021
43213243003
43213543027
43214043002
43214343027
43214543021
43214643012
43214743002
43214943018
43215043027
43216043027
43216243021
43216343004
43216643027
43217043024
43218043001
43218343027
43218543003
43219043002
43219543003
43220043025
43221043001
43221543013
43221843005
43222043017
43222543023
43223043001
43223243033
43223443007
43223543014
43223743017
43224043029
43225043015
43225243025
43225343020
43225443023
43225543010
43226043020
43227043020
43228043016
43228543021
43229043004
43230043026
43231043003
43232043012
43233043016
43233543010
43234043010
43234543018
43235043003
43236043014
43237043002
43237543007
43237743021
43238043027
50000050000
50002050007
50002550003
50006050010
50007050002
50008050008
50008550011
50009050010
50010050006
50011050002
50012450010
50015050004
50019050008
50020050008
50021050009
50021550009
50022050009
50023050007
50024050010
50026050003
50027050004
50028050009
50029050005
50029550005
50031050004
50031550011
50032050001
50032550005
50033050003
50034550011
50034850002
50035050010
50037050010
50037550011
50038050010
50039050003
50040050011
50041050009
50043050011
50044050006
50045050010
50046050011
50047050011
50048050011
50049050004
50050050009
50051050011
50051550010
50052050001
50052550010
50054050010
50056050002
50056850011
50057050011
50058050009
50060050010
50062050008
50062550011
50062750005
50063050006
50063550011
50064050003
50066050010
50069050001
50071050007
50072050010
50073050004
50074050003
50075050004
50075550007
50076950003
50077050011
50078050006
50079050004
50079350003
50079550011
50079750008
50080050004
50083050007
50084050010
51000051000
51001051016
51002051010
51002551002
51003051022
51003551009
51004051022
51005051015
51006051022
51008051002
51010051011
51012051020
51012551014
51013051015
51014051001
51016051018
51017051013
51018051011
51018551009
51019051001
51025051018
51026051010
51026351004
51026751019
51026851004
51026951009
51027051010
51027951002
51028551001
51030051017
51030551007
51031051011
51032051003
51032551001
51033051004
51033551009
51033651012
51033751001
51034051017
51034351018
51034551013
51035051004
51036051021
51037051007
51038051014
51038551008
51039051020
51039551014
51041051003
51042051020
51045051014
51045251006
51045451006
51045551007
51046051021
51048051021
51049051016
51050051014
51051051005
51051551001
51051751001
51052051021
51052351014
51052551006
51053051009
51055051012
51055851007
51056051003
51056251014
51059051006
51060051015
51061051017
51061551002
51061751010
51061851012
51061951007
51062051008
51062151003
51062251006
51062351013
51062451006
51062551010
51062651003
51062751005
51062851010
51062951002
51063051008
51063151009
51063751021
51064251003
51064551008
51065051018
51066551020
51067051020
51067551012
51067751009
51068051005
51068251014
51068551013
51070051020
51070451019
51070651010
51071051014
51071551014
51071851009
51071951020
51072051014
51072451007
51072651015
51072951021
51073051005
51073551009
51074051021
51075751001
51076051021
51077051016
51077451009
51077551014
51077651006
51077751009
51077951010
51078051017
51078551009
51078751004
51078851009
51079051007
51079251006
51079451005
51079551013
51080051006
51080551003
51081051020
51082051020
51083051007
51083551012
51084051017
51085051007
51086051009
51088051003
51088551015
51089051005
51089551002
52000052000
52000552010
52001052012
52001352014
52001552009
52001752012
52002052015
52002552012
52003052012
52004052998
52005052015
52005552004
52006052005
52007052998
52008052011
52008252004
52008552009
52009052008
52010052998
52011052007
52012052017
52013052009
52014052010
52014552013
52015052013
52016052007
52017052003
52018052010
52019052998
52020052998
52021052998
52021552002
52022052998
52023052998
52023552003
52024052998
52025052002
52025552998
52026052009
52027052998
52028052009
52029052998
52030052998
52031052003
52032052006
52033052010
52034052003
52035052015
52035552010
52035752004
52036052007
52037052998
52038052002
52039052015
52039352009
52039652011
52040052012
52041052018
52042052008
52042552015
52043052018
52044052013
52045052015
52045552010
52046052014
52046552004
52047052004
52048052017
52048552007
52049052005
52049552004
52050052006
52050552013
52051052017
52052052007
52053052005
52054052006
52054552014
52054752013
52054952012
52055052998
52055152012
52055252005
52056052998
52057052008
52058052012
52059052017
52060052998
52061052998
52062052012
52063052016
52064052001
52065052015
52066052017
52067052011
52068052007
52069052017
52070052998
52071052003
52072052998
52072552013
52073052998
52073552014
52074052014
52075052004
52075352002
52075552998
52076052008
52076552998
52077052998
52078052009
52079052011
52080052012
52081052004
52081552016
52082052998
52083052011
52084052010
52085052017
52086052006
52087052010
52088052010
52089052002
52090052998
52091052015
52091552018
52092052010
52092952006
52093052998
52094052011
52094552006
52095052998
52096052007
52097052010
52098052006
52099052011
52099352015
52099552014
52100052007
52101052017
52101552006
52102052008
52103052008
52104052007
52105052998
52105652007
52106052007
52107052998
52108052018
52109052006
52110052002
52111052998
52112052006
52113052018
52114052007
52115052015
52116052008
52117052014
52118052007
52119052013
52120052008
52120552007
52121052015
52122052002
52122552018
52123052010
52124052998
52125052012
52126052015
52127052011
52128052004
52129052015
52129552002
52130052013
52130552012
52130852004
52131052013
52132052998
52133052998
52134052008
52135052005
52136052998
52137052003
52137552013
52137752004
52138052015
52138552006
52139052009
52140052001
52140552001
52141052004
52142052998
52143052998
52144052009
52145052010
52146052004
52147052006
52148052017
52148352001
52148652006
52148752004
52148852998
52149052005
52150052007
52151052998
52152052008
52152352012
52152552001
52153052016
52154052007
52155052017
52156052012
52156552013
52157052014
52157552998
52158052016
52159052014
52160052015
52161052998
52162052998
52163052018
52164052014
52164552013
52165052998
52166052998
52167052998
52168052007
52169052006
52170052998
52171052015
52172052003
52173052012
52174052016
52175052998
52176052012
52177052015
52178052998
52179052998
52180052004
52180552015
52181052013
52182052998
52183052011
52183952015
52184052998
52185052018
52186052006
52187052006
52187552998
52187852015
52188052013
52189052006
52190052009
52191052009
52192052016
52192552002
52193052013
52193552006
52194052013
52194552006
52195052007
52196052004
52197052004
52197152013
52197352010
52197552012
52198052011
52199052007
52200052005
52200552014
52201052009
52201552006
52202052001
52202652016
52202852006
52203052998
52204052018
52204552010
52205052013
52206052016
52206552998
52206852011
52207052011
52208052998
52209052998
52210052007
52210852005
52211052998
52211952010
52212052998
52213052017
52214052010
52214552004
52215052009
52215552014
52215752001
52216052004
52217052006
52218052016
52218552012
52219052014
52220052016
52220552015
52220852998
52221052998
52222052012
52223052012
53001053001
