110001027
110004032
110010027
110012027
110020027
110030032
120005005
120020003
120030003
120032003
120033003
120034005
120035003
120039003
120043005
120050005
120060003
130002022
130006006
130020031
130030018
130040004
130040034
130050024
130060006
130063018
130070005
130080018
130100022
130110018
130115018
130120022
130140022
130150022
130160022
130170018
130170027
130180022
130185018
130190018
130195022
130210006
130210022
130220022
130230022
130240021
130250018
130255018
130270018
130280022
130290024
130300024
130310018
130350005
130356018
130360004
130360034
130370006
130380004
130380034
130390006
130406006
130410021
130420022
130423006
130426022
130430018
140002016
140002034
140005016
140005034
140010016
140015016
140017016
140020034
140023016
140028034
140030034
140040016
140045016
140070016
150050007
150060002
150230012
150360029
150375029
150420012
150503029
150510007
150510012
150530012
150530024
150543015
150550012
150613015
150655012
150730015
150800012
150808015
150810012
160015007
160050007
170820030
171050030
171886030
172110030
172120030
210060019
210095019
210160019
210200019
210480019
210990019
230020010
230100010
230140010
230240010
230280010
230370010
230410010
230640010
230655010
230765010
230860010
230940010
230970010
231100010
231126010
231230010
231240010
231320010
250140028
250905028
251290028
260050026
260280026
260300026
260392026
260570026
260660026
260700026
260805026
261090026
261100026
270010001
270260001
270330001
270380001
270630001
270642001
270750001
270880001
270920001
280560001
291080009
291320009
291360009
291840009
292400009
292530009
310340023
310660023
311030023
311080023
311380023
313700023
314050023
315430023
315765023
316245023
316860023
320060023
330010017
350600013
353110017
353760017
354260017
355030017
355070017
410940013
411370013
411820017
420130017
420420013
420540017
420915013
430190017
431410013
431490017
431575017
432300017
500060020
500090020
500110020
500215020
500220020
500230020
500240020
500270020
500320020
500370020
500430020
500560020
500635020
500790020
500795020
510020033
510140032
510180033
510185033
510190011
510260033
510320014
510335008
510340011
510370025
510385025
510390033
510510014
510515032
510630033
510642014
510682011
510706025
510760011
510777008
510785008
510785025
510795011
520870008
