000000900
110000911
110001911
110002098
110003911
110004911
110005911
110006911
110007911
110008911
110009911
110010053
110011029
110012029
110013098
110014911
110015029
110018911
110020053
110025029
110026098
110028911
110029911
110030911
110032911
110033053
110034029
110037911
110040098
110045098
110050911
110060098
110070098
110080053
110090911
110092911
110094098
110100029
110110053
110120911
110130029
110140098
110143029
110145911
110146911
110147911
110148911
110149911
110150911
110155029
110160029
110170029
110175029
110180029
120000912
120001912
120005004
120010004
120013912
120017004
120020106
120025004
120030912
120032912
120033106
120034912
120035106
120038912
120039106
120040912
120042106
120043912
120045912
120050912
120060912
120070004
120080912
130000913
130002913
130006165
130008913
130010913
130014119
130020165
130030044
130040136
130050017
130060165
130063913
130068017
130070913
130080119
130083913
130090913
130100913
130110044
130115044
130120913
130130913
130140006
130150006
130160165
130165006
130170119
130180006
130185044
130190044
130195913
130200044
130210913
130220913
130230165
130240913
130250913
130255044
130260044
130270119
130280913
130290017
130300017
130310044
130320913
130330119
130340017
130350913
130353044
130356044
130360136
130370165
130380136
130390165
130395017
130400044
130406165
130410913
130420913
130423165
130426913
130430017
130440044
140000914
140002914
140005914
140010914
140015914
140017914
140020091
140023091
140028914
140030914
140040122
140045122
140047091
140050091
140060091
140070122
150000915
150010130
150013061
150020130
150030129
150034092
150040018
150050018
150060095
150070129
150080915
150085095
150090915
150095061
150100114
150110129
150120130
150125092
150130130
150140915
150145018
150150915
150157087
150160915
150170915
150172095
150175087
150178915
150180129
150190061
150195061
150200129
150210130
150215087
150220915
150230061
150240915
150250129
150260915
150270092
150275061
150276092
150277087
150280129
150285018
150290915
150293061
150295087
150300018
150304092
150307061
150309915
150310129
150320915
150330130
150340915
150345061
150350061
150360114
150370087
150375114
150380915
150390018
150400130
150405061
150410915
150420087
150430915
150440915
150442915
150445095
150450129
150460130
150470130
150475915
150480018
150490129
150495061
150497087
150500915
150503114
150506915
150510018
150520130
150530018
150540061
150543092
150548095
150549087
150550061
150553087
150555092
150560915
150563087
150565095
150570129
150580129
150590095
150600018
150610915
150611915
150613092
150616092
150618061
150619114
150620915
150630129
150635915
150640129
150650915
150655061
150658092
150660915
150670092
150680018
150690915
150700915
150710915
150715087
150720061
150730092
150740915
150745087
150746915
150747915
150750087
150760061
150770129
150775092
150780095
150790129
150795130
150796915
150797018
150800061
150803915
150805114
150808092
150810915
150812061
150815095
150820915
150830915
150835095
150840092
160000916
160005094
160010112
160015094
160020916
160021916
160023094
160025916
160027111
160030916
160040111
160050916
160053094
160055112
160060916
160070112
160080111
170000917
170025917
170030022
170035917
170040124
170070917
170100022
170105022
170110917
170130917
170190917
170200917
170210917
170215917
170220022
170230917
170240124
170255022
170270124
170290022
170300917
170305917
170307917
170310917
170320917
170330917
170360917
170370917
170380022
170382022
170384917
170386917
170388917
170389022
170390917
170410917
170460917
170510124
170550917
170555124
170560124
170600917
170610917
170625917
170650022
170700124
170710917
170720917
170730917
170740022
170755917
170765917
170770917
170820917
170825917
170830917
170900917
170930917
170950917
170980917
171050917
171070022
171090917
171110917
171150917
171180917
171190917
171195107
171200917
171215124
171240107
171245022
171250917
171270107
171280022
171320917
171330917
171360917
171370917
171380022
171395917
171420124
171430022
171488917
171500917
171510107
171515124
171525124
171550917
171570917
171575124
171610917
171620124
171630917
171650917
171660917
171665917
171670917
171700124
171720917
171750917
171780124
171790107
171800124
171820917
171830022
171840917
171845917
171850917
171855022
171865124
171870917
171875107
171880022
171884917
171886917
171888917
171889917
171890917
171900107
172000022
172010022
172015107
172020022
172025124
172030022
172049124
172065917
172080022
172085917
172090124
172093124
172097917
172100917
172110917
172120022
172125917
172130917
172208917
172210917
200010926
210000921
210005921
210010034
210015020
210020115
210030034
210040921
210043921
210047921
210050921
210055139
210060921
210070097
210080020
210083115
210087139
210090020
210095921
210100141
210110052
210120921
210125052
210130115
210135115
210140921
210150921
210160921
210170052
210173020
210177921
210180921
210190115
210193140
210197139
210200921
210203921
210207921
210210020
210215921
210220020
210230034
210232921
210235921
210237052
210240115
210250141
210255921
210260139
210270097
210275140
210280921
210290139
210300034
210310115
210312115
210315139
210317139
210320020
210325921
210330034
210340034
210350921
210355921
210360034
210370115
210375921
210380921
210390034
210400140
210405921
210407921
210408921
210409921
210410921
210420034
210430139
210440921
210450921
210455921
210460921
210462921
210465139
210467139
210470921
210480921
210490115
210500052
210510052
210515921
210520140
210530921
210535921
210540097
210542921
210545921
210547921
210550921
210560140
210565139
210570140
210580140
210590921
210592034
210594140
210596921
210598921
210600140
210610921
210620139
210630020
210632139
210635921
210637139
210640020
210650141
210660034
210663097
210667020
210670921
210675097
210680115
210690921
210700921
210710052
210720097
210725921
210730921
210735139
210740921
210745141
210750921
210760141
210770921
210780034
210790921
210800921
210805052
210810921
210820140
210825141
210830141
210840115
210845034
210850921
210860115
210870921
210880097
210890140
210900921
210905115
210910921
210920052
210923139
210927115
210930097
210940052
210945921
210950921
210955921
210960052
210970921
210975921
210980115
210990921
211000921
211003139
211010020
211020097
211023020
211027052
211030140
211040020
211050141
211060020
211065921
211070921
211080921
211085921
211090921
211100141
211102921
211105921
211107034
211110921
211120921
211125921
211130921
211140140
211150921
211153921
211157921
211160921
211163140
211167140
211170141
211172921
211174034
211176921
211178115
211180921
211190921
211195921
211200921
211210034
211220034
211223140
211227921
211230921
211240115
211245115
211250020
211260020
211270097
211280141
211285921
211290141
211300921
211400139
220000922
220005096
220010045
220020045
220025096
220027096
220030045
220040045
220045922
220050045
220060045
220070077
220080922
220090922
220095096
220100922
220105028
220110922
220115922
220117922
220120161
220130922
220140045
220150161
220155133
220157096
220160045
220170922
220173096
220177028
220180096
220190922
220191922
220192077
220194028
220196161
220198922
220200922
220202028
220205028
220207133
220208922
220209096
220210133
220211077
220213096
220217161
220220028
220225922
220230922
220240028
220245077
220250077
220253922
220255096
220260028
220265922
220270922
220271028
220272922
220273045
220275922
220277133
220280133
220285077
220290922
220300922
220310922
220320922
220323922
220325045
220327096
220330045
220335077
220340096
220342161
220345077
220350922
220360922
220370161
220375077
220380922
220385133
220390922
220400922
220410922
220415096
220420096
220430096
220435096
220440922
220450922
220455077
220460045
220465922
220470922
220480922
220490133
220500096
220510922
220515096
220520096
220525045
220527028
220530922
220535077
220540161
220545161
220550045
220551028
220552922
220553077
220554045
220555045
220556077
220557161
220558045
220559922
220560922
220570922
220580161
220585161
220590922
220595096
220600922
220605096
220610161
220620045
220630045
220635161
220640045
220650096
220660922
220665922
220667161
220669922
220670922
220672922
220675028
220680161
220690922
220695028
220700133
220710045
220720096
220730922
220735922
220740922
220750045
220755096
220760922
220770922
220775045
220777096
220779045
220780096
220785922
220790161
220793922
220795922
220800096
220810922
220820096
220830161
220840161
220850161
220855922
220860922
220865096
220870922
220880045
220885922
220887922
220890922
220900922
220910133
220915922
220920922
220930922
220935096
220937133
220940096
220945045
220950133
220955077
220960922
220965133
220970133
220975922
220980045
220985096
220987161
220990028
220995133
220997161
221000077
221005161
221010922
221020096
221030096
221035077
221037096
221038922
221039922
221040028
221050045
221060077
221062922
221063922
221065028
221070096
221080133
221090922
221093096
221095922
221097133
221100045
221110045
221120922
221130922
221135077
221140922
221150096
221160096
221170133
230000923
230010131
230015923
230020923
230030923
230040049
230050086
230060131
230070923
230075051
230080131
230090051
230100923
230110923
230120923
230125049
230130131
230140923
230150049
230160131
230170131
230180923
230185080
230190131
230195923
230200131
230205923
230210923
230220923
230230923
230240085
230250131
230260923
230270131
230280085
230290923
230300085
230310086
230320131
230330923
230340923
230350923
230360923
230365049
230370923
230380923
230390923
230393080
230395923
230400086
230410049
230420131
230423923
230425923
230426080
230427923
230428923
230430131
230435086
230440923
230445923
230450086
230460051
230465086
230470923
230480131
230490086
230495923
230500923
230510923
230520049
230523923
230526080
230530923
230533923
230535923
230540923
230550923
230560049
230565049
230570923
230580049
230590049
230600923
230610051
230620923
230625923
230630051
230640051
230650923
230655051
230660085
230670923
230680923
230690923
230700923
230710131
230720131
230725923
230730131
230740923
230750923
230760923
230763085
230765923
230770923
230780923
230790923
230800086
230810131
230820086
230830131
230835080
230837051
230840131
230850080
230860049
230870923
230880086
230890923
230900086
230910923
230920131
230930049
230940049
230945923
230950923
230960923
230970923
230980923
230990086
231000923
231010923
231020051
231025051
231030049
231040085
231050080
231060131
231070051
231080923
231085923
231090080
231095049
231100049
231110131
231120131
231123923
231126049
231130080
231135923
231140080
231150923
231160923
231170086
231180923
231190923
231195131
231200086
231210131
231220049
231230923
231240051
231250923
231260051
231270080
231280086
231290086
231300080
231310923
231320049
231325131
231330049
231335051
231340923
231350051
231355051
231360923
231370923
231375051
231380051
231390923
231395086
231400923
231410923
240000924
240010076
240020001
240030924
240040134
240050134
240060134
240070001
240080924
240090134
240100032
240110001
240120924
240130032
240140924
240145001
240150123
240160055
240165076
240170123
240180924
240185055
240190924
240200076
240210924
240220924
240230032
240240076
240250001
240260055
240270076
240280924
240290134
240300076
240310076
240320134
240325924
240330134
240340076
240350924
240360924
240370032
240375924
240380076
240390134
240400134
240410924
240420924
240430032
240440001
240450924
240460123
240470001
240480076
240485001
240490032
240500924
240510055
240520032
240530924
240540924
240550924
240560076
240570076
240580055
240590134
240600134
240610076
240615924
240620924
240630924
240640123
240650076
240660924
240670924
240680924
240690134
240700134
240710924
240720924
240725134
240730134
240740134
240750055
240760032
240770924
240780924
240790924
240800001
240810924
240820924
240830924
240840032
240850076
240860134
240870032
240880055
240890076
240895055
240910924
240920924
240930032
240933123
240940134
240950055
240960924
240970924
240980924
240990001
241000134
241010055
241020134
241025001
241030924
241040055
241050134
241060032
241070134
241080134
241090123
241100032
241105001
241110123
241120924
241140076
241142076
241150924
241160055
241170924
241180076
241190134
241200924
241210076
241220924
241230924
241240076
241250134
241255055
241260123
241270123
241280001
241290123
241300076
241310123
241320924
241330924
241335001
241340076
241350924
241355134
241360032
241370924
241380134
241390055
241400924
241410134
241415076
241420924
241430076
241440055
241445032
241450032
241460032
241470924
241475134
241480924
241490134
241500924
250000925
250010925
250020925
250030925
250040024
250050925
250053925
250057024
250060120
250070925
250073027
250077925
250080925
250090024
250100925
250110024
250115059
250120024
250130925
250135027
250140103
250150925
250153160
250157925
250160160
250170925
250180120
250190925
250200925
250205925
250210925
250215925
250220925
250230925
250240925
250250925
250260925
250270024
250280925
250290925
250300120
250310925
250320103
250330925
250340059
250350160
250355059
250360925
250370925
250375925
250380120
250390027
250400024
250403103
250407925
250410925
250415024
250420059
250430925
250435925
250440925
250450059
250460120
250470027
250480925
250485027
250490103
250500925
250510160
250520925
250523103
250527103
250530925
250535160
250540059
250550059
250560925
250570925
250580925
250590925
250600024
250610925
250620160
250625925
250630925
250640925
250650925
250660925
250670059
250680925
250690120
250700925
250710103
250720925
250730103
250740925
250750120
250760925
250770925
250780059
250790120
250800925
250810925
250820925
250830024
250840925
250850027
250855925
250860103
250870059
250880059
250890103
250900925
250905103
250910103
250915925
250920024
250930103
250933024
250937925
250939059
250940925
250950024
250960925
250970027
250980925
250990925
251000925
251010160
251020925
251030160
251040925
251050925
251060027
251065027
251070059
251080059
251090925
251100925
251110925
251120120
251130925
251140160
251150120
251160024
251170925
251180925
251190120
251200925
251203925
251207925
251210925
251220027
251230925
251240024
251250024
251260059
251270024
251272103
251274925
251275925
251276103
251278925
251280925
251290103
251300059
251310925
251315925
251320925
251330925
251335925
251340059
251350925
251360925
251365925
251370103
251380059
251385925
251390925
251392925
251394925
251396925
251398925
251400925
251410027
251420925
251430925
251440059
251445120
251450925
251455925
251460059
251465925
251470059
251480027
251490059
251500120
251510024
251520027
251530103
251540925
251550027
251560925
251570925
251580024
251590024
251593925
251597103
251600024
251610925
251615160
251620925
251630027
251640925
251650027
251660925
251670059
251675925
251680925
251690925
251700925
251710059
251720925
251740027
260000926
260005926
260010082
260020083
260030926
260040054
260050002
260060926
260070926
260080926
260090054
260100002
260105926
260110081
260120926
260130926
260140054
260150054
260160118
260170926
260180926
260190926
260200081
260210002
260220926
260230054
260240926
260250082
260260926
260270926
260280002
260290926
260300083
260310926
260320002
260330926
260340082
260345926
260350926
260360926
260370926
260380002
260390082
260392118
260400926
260410926
260415926
260420054
260430926
260440926
260450926
260460926
260470926
260480054
260490926
260500926
260510926
260515083
260520926
260530081
260540926
260545926
260550926
260560082
260570118
260580926
260590054
260600002
260610926
260620926
260630081
260640926
260650002
260660002
260670002
260680926
260690082
260700002
260710082
260720926
260730081
260740118
260750002
260760926
260765926
260770082
260775926
260780926
260790926
260795054
260800926
260805118
260810926
260820054
260825926
260830926
260840926
260845926
260850926
260860926
260870926
260875083
260880926
260890926
260900926
260910926
260915002
260920054
260930082
260940926
260950926
260960926
260970926
260980083
260990081
261000054
261010926
261020926
261030002
261040926
261050926
261060926
261070926
261080002
261090926
261100118
261110083
261120926
261130926
261140054
261150926
261153082
261160926
261170926
261180054
261190054
261200926
261210926
261220926
261230002
261240926
261245081
261247082
261250926
261255081
261260083
261270926
261280082
261290054
261300002
261310926
261320926
261330926
261340054
261350082
261360082
261370926
261380926
261390082
261400926
261410082
261420926
261430081
261440082
261450926
261460082
261470926
261480118
261485054
261500926
261510002
261520926
261530926
261540926
261550926
261560081
261570082
261580002
261590082
261600002
261610926
261618926
261620926
261630926
261640926
261650054
270000927
270010040
270020927
270030039
270040126
270050041
270060927
270070036
270080927
270090036
270100927
270110126
270120036
270130126
270135041
270140927
270150039
270160040
270170126
270180042
270190126
270200039
270210927
270220927
270230927
270235039
270240040
270250042
270255039
270260039
270270927
270280927
270290039
270300126
270310039
270320927
270330040
270340036
270350041
270360041
270370036
270375927
270380927
270390041
270400039
270410039
270420039
270430927
270440036
270450041
270460042
270470927
270480927
270490126
270500040
270510041
270520927
270530036
270540036
270550126
270560927
270570036
270580040
270590039
270600042
270610042
270620036
270630039
270640036
270642040
270644927
270650041
270660126
270670927
270680927
270690126
270700126
270710040
270720042
270730041
270740041
270750927
270760126
270770927
270780927
270790927
270800042
270810126
270820927
270830126
270840042
270850041
270860927
270870041
270880039
270890927
270895042
270900927
270910039
270915927
270920039
270930126
270940126
280000928
280010135
280020928
280030928
280040105
280050084
280060928
280067105
280070135
280100084
280110135
280120008
280130928
280140084
280150928
280160135
280170105
280190928
280200928
280210105
280220928
280230084
280240008
280250928
280260928
280270135
280280105
280290084
280300105
280310928
280320105
280330928
280340135
280350084
280360928
280370084
280380135
280390084
280400928
280410084
280420008
280430135
280440135
280445084
280450008
280460928
280470008
280480928
280490135
280500084
280510105
280520084
280530928
280540008
280550084
280560008
280570135
280580084
280590928
280600084
280610928
280620105
280630105
280640135
280650928
280660928
280670928
280680084
280690135
280700084
280710084
280720928
280730135
280740084
280750105
280760105
290000929
290010031
290020118
290030929
290035162
290040929
290050929
290060929
290070929
290080929
290090090
290100929
290110929
290115050
290120929
290130031
290135929
290140929
290150929
290160162
290170929
290180929
290190929
290195929
290200929
290205929
290210043
290220929
290225090
290230021
290240090
290250929
290260929
290265162
290270102
290280031
290290929
290300050
290310929
290320929
290323050
290327043
290330090
290340929
290350929
290360043
290370929
290380929
290390102
290395929
290400031
290405031
290410929
290420929
290430929
290440929
290450102
290460929
290470090
290475929
290480929
290485929
290490929
290500929
290510929
290515929
290520929
290530050
290540021
290550929
290560090
290570929
290580021
290590143
290600929
290610929
290620050
290630090
290640043
290650929
290660929
290670929
290680043
290682143
290685929
290687929
290689929
290690929
290700929
290710102
290720143
290730929
290740929
290750929
290755929
290760050
290770118
290780162
290790162
290800090
290810929
290820929
290830929
290840043
290850929
290860929
290870929
290880929
290890929
290900929
290910929
290920162
290930929
290940929
290950929
290960929
290970929
290980929
290990143
291000929
291005929
291010929
291020929
291030929
291040929
291050929
291060929
291070162
291072929
291075162
291077102
291080929
291085929
291090929
291100090
291110929
291120021
291125929
291130050
291140118
291150929
291160929
291165929
291170929
291180929
291185162
291190929
291200929
291210090
291220031
291230929
291240050
291250929
291260929
291270929
291280929
291290929
291300031
291310050
291320102
291330043
291340102
291345021
291350929
291360090
291370929
291380929
291390929
291400929
291410050
291420929
291430929
291440031
291450929
291460050
291465929
291470929
291480090
291490090
291500031
291510929
291520929
291530929
291535050
291540090
291550090
291560929
291570929
291580929
291590929
291600929
291610929
291620090
291630929
291640929
291650929
291660090
291670929
291680929
291685929
291690929
291700043
291710929
291720929
291730021
291733929
291735929
291740929
291750929
291760929
291770929
291780021
291790929
291800929
291810162
291820929
291830929
291835050
291840143
291845929
291850050
291855090
291860031
291870929
291875929
291880929
291890929
291900929
291905929
291910043
291915050
291920929
291930031
291940929
291950929
291955929
291960929
291970929
291980929
291990118
291992929
291995929
292000929
292010929
292020102
292030929
292040929
292045929
292050929
292060929
292070090
292080031
292090090
292100929
292105102
292110929
292120929
292130929
292140929
292145929
292150043
292160102
292170031
292180929
292190031
292200929
292205050
292210929
292220929
292225102
292230929
292240929
292250929
292260021
292265043
292270929
292273929
292275929
292280929
292285031
292290162
292300929
292303031
292305162
292310929
292320102
292330929
292335929
292340929
292350031
292360929
292370102
292380162
292390090
292400118
292405929
292410929
292420162
292430031
292440143
292450929
292460929
292465929
292467021
292470929
292480929
292490929
292500929
292510929
292520929
292525929
292530929
292540929
292550929
292560050
292570929
292575021
292580043
292590043
292593929
292595929
292600143
292610043
292620929
292630929
292640102
292650162
292660162
292665929
292670031
292680929
292690929
292700929
292710118
292720929
292730929
292740929
292750929
292760162
292770929
292780929
292790929
292800043
292805090
292810929
292820929
292830929
292840929
292850929
292860929
292870929
292880929
292890929
292895043
292900929
292905929
292910929
292920929
292925050
292930929
292935090
292937929
292940929
292950929
292960929
292970929
292975929
292980929
292990031
293000929
293010929
293015102
293020143
293030929
293040929
293050043
293060929
293070929
293075102
293076162
293077143
293080031
293090929
293100929
293105929
293110929
293120021
293130031
293135929
293140929
293150043
293160021
293170929
293180929
293190043
293200143
293210929
293220090
293230929
293240050
293245929
293250090
293260929
293270090
293280031
293290021
293300043
293305929
293310929
293315929
293317929
293320929
293325929
293330929
293340031
293345929
293350021
293360050
310000931
310010931
310020931
310030931
310040931
310050931
310060931
310070931
310080931
310090099
310100057
310110931
310120931
310130931
310140931
310150931
310160931
310163931
310170117
310180931
310190931
310200931
310205931
310210931
310220931
310230931
310240931
310250931
310260931
310270057
310280931
310285057
310290931
310300931
310310931
310320931
310330931
310340057
310350931
310360931
310370931
310375931
310380931
310390931
310400931
310410931
310420931
310430931
310440931
310445005
310450063
310460931
310470099
310480048
310490931
310500931
310510931
310520117
310530931
310540931
310550931
310560931
310570931
310590931
310600931
310610931
310620931
310630931
310640931
310650057
310660099
310665007
310670931
310680931
310690931
310700931
310710931
310720931
310730048
310740931
310750931
310760931
310770931
310780931
310790931
310800931
310810931
310820063
310825931
310830931
310840931
310850931
310855063
310860931
310870931
310880931
310890931
310900931
310910931
310920048
310925931
310930038
310940931
310945038
310950931
310960931
310970931
310980931
310990931
311000931
311010931
311020931
311030931
311040931
311050931
311060931
311070931
311080099
311090931
311100931
311110931
311115931
311120931
311130931
311140931
311150931
311160931
311170931
311180931
311190931
311200931
311205931
311210931
311220931
311230005
311240931
311250931
311260931
311265931
311270931
311280931
311290931
311300099
311310931
311320931
311330931
311340931
311350005
311360931
311370099
311380931
311390931
311400931
311410931
311420931
311430931
311440931
311450931
311455931
311460931
311470931
311480931
311490931
311500931
311510931
311520931
311530931
311535931
311540931
311545099
311547079
311550931
311560931
311570931
311580931
311590931
311600931
311610057
311615063
311620931
311630931
311640931
311650931
311660931
311670931
311680005
311690931
311700057
311710931
311720931
311730931
311740931
311750931
311760931
311770931
311780931
311783931
311787931
311790931
311800931
311810931
311820931
311830931
311840931
311850931
311860931
311870931
311880931
311890931
311900931
311910048
311920931
311930931
311940931
311950057
311960931
311970931
311980931
311990931
311995931
312000931
312010005
312015099
312020931
312030931
312040931
312050931
312060931
312070931
312080931
312083931
312087007
312090048
312100005
312110931
312120931
312125931
312130931
312140931
312150931
312160005
312170931
312180931
312190931
312200931
312210931
312220931
312230931
312235931
312240931
312245117
312247063
312250931
312260931
312270931
312280931
312290931
312300931
312310931
312320931
312330931
312340931
312350931
312352931
312360931
312370931
312380048
312385931
312390931
312400931
312410931
312420931
312430079
312440931
312450931
312460931
312470931
312480931
312490931
312500931
312510931
312520931
312530931
312540005
312550005
312560117
312570048
312580931
312590931
312595931
312600931
312610931
312620063
312630931
312640931
312650057
312660048
312670931
312675099
312680099
312690931
312695931
312700931
312705099
312707007
312710931
312720931
312730931
312733079
312735931
312737931
312738931
312740931
312750931
312760005
312770931
312780931
312790931
312800931
312810931
312820931
312825048
312830931
312840931
312850931
312860063
312870931
312880931
312890931
312900931
312910931
312920931
312930931
312940931
312950931
312960931
312965931
312970931
312980931
312990931
313000931
313005931
313010931
313020931
313030931
313040931
313050931
313055931
313060931
313065007
313070931
313080931
313090931
313100931
313110048
313115931
313120931
313130931
313140931
313150931
313160931
313170931
313180931
313190931
313200931
313210931
313220931
313230099
313240931
313250005
313260931
313270099
313280931
313290931
313300931
313310931
313320931
313330057
313340931
313350931
313360931
313370931
313375931
313380931
313390931
313400057
313410931
313420931
313430931
313440931
313450931
313460931
313470117
313480931
313490931
313500931
313505079
313507931
313510079
313520931
313530931
313535931
313540931
313545057
313550931
313560931
313570931
313580117
313590931
313600117
313610931
313620931
313630063
313640048
313650117
313652057
313655931
313657931
313660931
313665931
313670931
313680931
313690931
313695931
313700099
313710063
313720931
313730931
313740931
313750931
313753063
313760931
313770931
313780931
313790931
313800931
313810931
313820931
313830931
313835005
313840931
313850931
313860931
313862931
313865931
313867931
313868931
313870931
313880931
313890099
313900931
313910931
313920099
313925079
313930079
313940931
313950931
313960931
313970931
313980931
313990931
314000931
314010931
314015931
314020931
314030931
314040931
314050931
314053931
314055117
314060931
314070931
314080931
314085079
314090931
314100079
314110931
314120931
314130931
314140057
314150931
314160931
314170931
314180005
314190931
314200931
314210931
314220931
314225931
314230931
314240931
314250048
314260931
314270931
314280931
314290079
314300931
314310931
314315117
314320931
314330931
314340931
314345007
314350931
314360048
314370931
314380931
314390931
314400931
314410931
314420931
314430099
314435931
314437063
314440931
314450931
314460931
314465007
314467931
314470931
314480931
314490931
314500931
314505079
314510931
314520931
314530057
314535099
314537007
314540931
314545048
314550931
314560931
314570931
314580931
314585931
314587931
314590931
314600931
314610931
314620099
314625931
314630057
314640931
314650931
314655079
314660931
314670931
314675117
314690931
314700063
314710931
314720931
314730931
314740931
314750931
314760931
314770931
314780931
314790931
314795931
314800931
314810931
314820931
314830931
314840931
314850099
314860931
314870057
314875931
314880931
314890931
314900931
314910931
314915931
314920931
314930931
314940931
314950931
314960931
314970931
314980931
314990931
314995931
315000099
315010931
315015931
315020931
315030931
315040931
315050931
315053931
315057063
315060931
315070931
315080931
315090931
315100931
315110931
315120931
315130931
315140931
315150931
315160931
315170931
315180931
315190931
315200931
315210931
315213931
315217057
315220079
315230931
315240099
315250931
315260931
315270931
315280931
315290931
315300931
315310931
315320048
315330005
315340063
315350931
315360931
315370931
315380931
315390931
315400931
315410931
315415931
315420931
315430931
315440931
315445063
315450079
315460931
315470931
315480931
315490931
315500931
315510117
315520931
315530931
315540931
315550931
315560007
315570931
315580931
315590931
315600005
315610931
315620931
315630931
315640931
315645931
315650007
315660117
315670931
315680931
315690931
315700007
315710117
315720931
315725931
315727931
315730931
315733931
315737007
315740931
315750931
315760063
315765099
315770931
315780931
315790931
315800931
315810117
315820931
315830931
315840931
315850931
315860931
315870931
315880931
315890931
315895931
315900931
315910931
315920931
315930931
315935931
315940931
315950931
315960931
315970931
315980931
315990931
316000931
316010931
316020931
316030117
316040931
316045007
316050931
316060048
316070931
316080931
316090931
316095931
316100931
316105931
316110931
316120931
316130931
316140931
316150931
316160931
316165931
316170063
316180931
316190931
316200931
316210931
316220931
316225931
316230931
316240931
316245931
316250931
316255931
316257931
316260931
316265931
316270007
316280931
316290931
316292931
316294931
316295931
316300931
316310931
316320931
316330931
316340931
316350931
316360931
316370931
316380931
316390931
316400931
316410931
316420063
316430931
316440931
316443931
316447931
316450931
316460931
316470931
316480931
316490931
316500931
316510931
316520931
316530931
316540931
316550931
316553931
316555099
316556931
316557931
316560931
316570931
316580931
316590005
316600931
316610931
316620931
316630931
316640931
316650005
316660931
316670099
316680931
316690931
316695079
316700931
316710005
316720931
316730931
316740931
316750931
316760931
316770931
316780931
316790931
316800007
316805931
316810931
316820931
316830931
316840931
316850931
316860099
316870931
316880931
316890931
316900931
316905931
316910931
316920931
316930931
316935048
316940931
316950931
316960931
316970005
316980931
316990931
317000931
317005931
317010931
317020931
317030099
317040038
317043931
317047063
317050931
317052063
317057931
317060931
317065007
317070931
317075063
317080931
317090931
317100063
317103079
317107005
317110931
317115931
317120931
317130931
317140931
317150931
317160057
317170931
317180931
317190931
317200931
317210931
317220931
320000932
320010932
320013064
320016064
320020026
320030932
320035932
320040932
320050932
320060932
320070932
320080932
320090064
320100064
320110932
320115932
320120932
320130932
320140932
320150932
320160064
320170932
320180026
320190932
320200026
320210064
320220932
320225932
320230026
320240932
320245026
320250932
320255026
320260932
320265026
320270932
320280932
320290932
320300026
320305064
320310026
320313932
320316932
320320932
320330932
320332932
320334932
320335932
320340932
320350064
320360064
320370026
320380932
320390064
320400932
320405064
320410064
320420932
320425064
320430932
320435932
320440932
320450932
320455932
320460932
320465932
320470064
320480026
320490064
320495932
320500932
320501932
320503932
320506932
320510932
320515064
320517064
320520932
320530932
330000933
330010933
330015062
330020933
330022933
330023933
330025933
330030933
330040933
330045933
330050933
330060062
330070933
330080933
330090062
330093065
330095933
330100065
330110933
330115065
330120933
330130933
330140065
330150933
330160933
330170933
330180933
330185933
330187933
330190933
330200933
330205062
330210062
330220062
330225933
330227933
330230062
330240065
330245933
330250933
330260933
330270933
330280933
330285933
330290933
330300062
330310062
330320933
330330933
330340933
330350933
330360933
330370933
330380933
330385933
330390933
330395933
330400933
330410062
330411933
330412933
330414933
330415065
330420933
330430933
330440933
330450933
330452933
330455933
330460933
330470062
330475065
330480065
330490933
330500065
330510933
330513062
330515933
330520933
330530933
330540933
330550933
330555933
330560933
330570933
330575933
330580933
330590933
330600933
330610933
330615062
330620933
330630933
350000935
350010935
350020935
350030935
350040935
350050935
350055935
350060935
350070935
350075935
350080073
350090935
350100935
350110935
350115935
350120935
350130073
350140935
350150935
350160935
350170935
350180935
350190935
350200935
350210935
350220935
350230935
350240073
350250935
350260935
350270100
350275935
350280935
350290935
350300935
350310935
350315935
350320935
350330935
350335935
350340935
350350935
350360935
350370935
350380935
350390935
350395935
350400935
350410935
350420935
350430935
350440935
350450935
350460935
350470935
350480935
350490935
350500089
350510935
350520935
350530935
350535100
350540100
350550935
350560935
350570935
350580935
350590935
350600935
350610935
350620935
350630935
350635935
350640935
350650935
350660935
350670935
350680935
350690935
350700935
350710935
350715089
350720935
350730935
350740935
350745935
350750935
350760935
350770935
350775935
350780935
350790935
350800089
350810935
350820935
350830935
350840935
350850935
350860935
350870935
350880935
350890073
350900935
350910073
350920935
350925100
350930935
350940935
350945935
350950935
350960935
350970935
350980935
350990100
350995935
351000935
351010935
351015935
351020089
351030935
351040935
351050935
351060935
351070935
351080935
351090935
351100935
351110935
351120935
351130935
351140935
351150935
351160935
351170935
351190935
351200935
351210935
351220935
351230935
351240935
351250935
351260089
351270935
351280935
351290935
351300935
351310935
351320935
351330935
351340935
351350935
351360935
351370935
351380935
351385935
351390935
351400935
351410935
351420935
351430935
351440935
351450935
351460935
351470935
351480100
351490935
351492935
351495935
351500935
351510935
351512073
351515935
351518935
351519935
351520935
351530073
351535073
351540935
351550935
351560935
351565935
351570935
351580935
351590935
351600935
351610935
351620935
351630935
351640935
351650935
351660935
351670935
351680935
351685935
351690935
351700935
351710935
351720935
351730935
351740935
351750935
351760089
351770935
351780935
351790935
351800935
351810935
351820935
351830935
351840935
351850935
351860935
351870935
351880935
351885935
351890935
351900935
351905935
351907935
351910935
351920935
351925935
351930935
351940935
351950935
351960935
351970935
351980935
351990073
352000935
352010935
352020935
352030100
352040935
352042100
352044935
352050935
352060073
352070935
352080935
352090935
352100935
352110935
352115935
352120100
352130935
352140935
352150935
352160935
352170089
352180935
352190935
352200935
352210935
352215100
352220935
352230935
352240089
352250935
352260935
352265100
352270935
352280089
352290935
352300935
352310935
352320089
352330100
352340935
352350935
352360935
352370935
352380935
352390935
352400935
352410935
352420935
352430935
352440935
352450935
352460100
352470935
352480935
352490935
352500935
352510935
352520935
352530935
352540935
352550935
352560073
352570935
352580935
352585935
352590935
352600935
352610100
352620100
352630935
352640935
352650935
352660935
352670935
352680935
352690935
352700935
352710935
352720935
352725935
352730935
352740935
352750935
352760935
352770935
352780935
352790935
352800935
352810935
352820935
352830935
352840935
352850935
352860935
352870073
352880935
352885935
352890935
352900935
352910935
352920073
352930935
352940935
352950935
352960935
352965935
352970935
352980935
352990100
353000935
353010935
353020073
353030935
353040935
353050935
353060935
353070935
353080935
353090935
353100935
353110935
353120935
353130935
353140935
353150935
353160935
353170935
353180935
353190935
353200935
353205935
353210935
353215073
353220073
353230935
353240935
353250935
353260935
353270935
353280935
353282089
353284935
353286935
353290935
353300935
353310935
353320935
353325935
353330935
353340935
353350935
353360935
353370935
353380935
353390935
353400935
353410935
353420935
353430935
353440935
353450935
353460935
353470935
353475935
353480935
353490935
353500935
353510935
353520935
353530935
353540935
353550935
353560935
353570935
353580935
353590935
353600935
353610935
353620100
353625935
353630935
353640935
353650935
353657935
353660935
353670935
353680935
353690935
353700935
353710935
353715935
353720100
353730935
353740935
353750935
353760100
353770935
353780935
353790935
353800935
353810935
353820935
353830073
353850935
353860935
353870935
353880935
353890935
353900935
353910935
353920073
353930935
353940935
353950935
353960935
353970935
353980935
353990935
354000935
354010935
354020935
354025935
354030935
354040935
354050935
354060935
354070935
354075935
354080935
354085935
354090935
354100935
354105935
354110935
354120073
354130073
354140073
354150073
354160935
354165935
354170935
354180935
354190935
354200935
354210935
354220073
354230935
354240073
354250935
354260100
354270935
354280100
354290935
354300100
354310935
354320935
354323073
354325089
354330935
354340935
354350089
354360935
354370935
354380935
354390935
354400935
354410935
354420935
354425073
354430935
354440935
354450935
354460935
354470935
354480935
354490935
354500935
354510935
354515935
354520935
354530935
354540935
354550073
354560935
354570935
354580935
354600935
354610935
354620935
354625935
354630935
354640935
354650935
354660935
354670935
354680935
354690935
354700935
354710935
354720935
354730935
354740935
354750935
354760935
354765935
354770073
354780935
354790935
354800935
354805935
354810935
354820935
354830073
354840935
354850935
354860935
354870935
354880935
354890935
354900935
354910935
354920935
354925935
354930935
354940935
354950935
354960935
354970935
354980935
354990935
354995100
355000935
355010935
355020935
355030935
355040935
355050935
355060935
355070935
355080935
355090935
355100935
355110935
355120935
355130935
355140935
355150935
355160935
355170935
355180100
355190935
355200935
355210935
355220935
355230935
355240935
355250935
355255935
355260935
355270935
355280935
355290073
355300935
355310935
355320935
355330935
355340935
355350100
355360935
355365935
355370935
355380089
355385089
355390073
355395935
355400935
355410935
355420935
355430073
355440935
355450935
355460935
355465935
355470935
355475935
355480935
355490935
355495935
355500935
355510935
355520935
355530935
355535935
355540935
355550935
355560935
355570935
355580935
355590935
355600935
355610935
355620935
355630935
355635935
355640935
355645935
355650935
355660935
355670935
355680935
355690935
355695935
355700935
355710935
355715935
355720935
355730935
410000941
410010146
410020101
410030941
410040941
410045068
410050941
410060941
410070941
410080941
410090941
410100941
410105941
410110941
410115941
410120941
410130941
410140941
410150941
410160941
410165941
410170941
410180941
410185941
410190941
410200941
410210941
410220941
410230941
410240941
410250941
410260941
410270941
410275941
410280941
410290941
410300941
410302941
410304068
410305941
410310101
410315941
410320941
410322941
410330941
410335941
410337941
410340941
410345941
410347941
410350941
410360941
410370941
410380941
410390941
410395068
410400941
410405025
410410941
410420941
410425941
410430941
410440068
410442025
410445025
410450941
410460941
410465941
410470146
410480941
410490941
410500025
410510941
410520101
410530941
410540941
410550941
410560941
410570941
410580941
410590941
410600146
410610146
410620941
410630941
410640941
410645941
410650941
410655941
410657941
410660941
410670941
410680941
410685941
410690941
410700941
410710941
410712025
410715941
410720941
410725941
410730941
410740941
410750941
410752941
410753941
410754025
410755941
410760941
410765941
410770941
410773941
410775941
410780941
410785941
410790941
410800941
410810941
410820941
410830941
410832941
410840941
410845025
410850941
410855941
410860941
410865025
410870941
410880941
410890941
410895941
410900146
410910941
410920941
410930025
410940068
410950941
410960941
410965941
410970146
410975025
410980941
410990941
411000941
411005941
411007941
411010941
411020941
411030941
411040941
411050941
411060941
411065941
411070941
411080068
411090941
411095941
411100941
411110941
411120941
411125101
411130941
411140941
411150941
411155941
411160941
411170146
411180146
411190941
411200941
411210941
411220941
411230146
411240941
411250941
411260941
411270941
411275941
411280146
411290146
411295941
411300941
411310941
411320941
411325068
411330025
411340941
411342941
411345941
411350941
411360941
411370941
411373941
411375941
411380941
411390941
411400941
411410941
411420941
411430941
411435941
411440941
411450068
411460941
411470941
411480941
411490941
411500941
411510941
411520941
411530941
411535941
411540941
411545025
411550941
411560941
411570941
411573068
411575941
411580941
411585941
411590941
411600941
411605941
411610941
411620941
411630941
411640941
411650941
411660941
411670941
411680068
411690941
411695941
411700146
411705025
411710941
411720941
411721146
411722941
411725941
411727068
411729941
411730941
411740941
411745941
411750941
411760941
411770941
411780068
411790941
411800941
411810941
411820941
411830941
411840941
411845941
411850941
411860941
411870941
411880941
411885941
411890941
411900941
411910941
411915941
411920146
411925941
411930025
411940941
411950941
411960068
411965941
411970941
411980941
411990941
411995941
412000941
412010941
412015025
412020941
412030941
412033941
412035941
412040941
412050941
412060941
412065941
412070146
412080941
412085941
412090025
412100941
412110941
412120941
412125941
412130941
412135941
412140941
412150941
412160941
412170941
412175025
412180146
412190146
412200941
412210941
412215025
412217068
412220101
412230941
412240941
412250068
412260941
412265068
412270941
412280941
412290146
412300941
412310146
412320146
412330941
412340941
412350941
412360941
412370941
412380941
412382941
412385068
412390941
412395941
412400146
412402941
412405941
412410146
412420941
412430146
412440941
412450941
412460941
412470146
412480941
412490941
412500941
412510941
412520941
412530941
412535941
412540146
412545941
412550941
412555941
412560941
412570941
412575941
412580941
412590941
412600941
412610941
412620146
412625941
412627941
412630941
412635941
412640941
412650941
412660146
412665941
412667941
412670941
412680941
412690941
412700941
412710941
412720941
412730941
412740941
412750941
412760941
412770941
412780146
412785025
412788101
412790941
412795941
412796068
412800941
412810941
412820941
412830941
412840941
412850146
412853941
412855941
412860941
412862941
412863101
412865025
412870941
412880941
420000942
420005942
420010033
420020942
420030942
420040033
420050942
420055942
420060942
420070942
420075942
420080942
420090942
420100942
420110942
420120942
420125942
420127942
420130942
420140942
420150942
420160942
420165942
420170942
420180942
420190942
420195942
420200942
420205942
420207942
420208942
420209942
420210942
420213070
420215942
420220942
420230942
420240942
420243942
420245942
420250942
420253033
420257942
420260942
420270942
420280942
420285942
420287942
420290942
420300942
420310942
420315942
420320942
420325942
420330070
420340942
420350942
420360942
420370942
420380070
420390033
420395942
420400033
420410942
420415942
420417942
420419942
420420942
420425942
420430942
420435942
420440942
420445033
420450942
420455942
420460942
420470942
420475942
420480942
420490942
420500942
420510942
420515942
420517033
420519942
420520033
420530033
420535942
420540942
420543942
420545942
420550942
420555942
420560033
420570942
420580942
420590942
420600942
420610942
420620942
420630942
420640942
420650942
420660942
420665942
420670033
420675942
420680033
420690942
420700942
420710942
420720942
420730942
420740942
420750942
420757942
420760942
420765942
420768033
420770942
420775942
420780942
420785942
420790070
420800942
420810070
420820942
420830942
420840942
420845942
420850942
420860942
420870942
420880942
420890942
420895942
420900033
420910942
420915942
420917033
420920033
420930942
420940942
420945033
420950942
420960942
420970942
420980942
420985942
420990942
421000942
421003033
421005942
421010070
421020942
421030070
421040942
421050942
421055033
421060942
421070070
421080942
421085942
421090942
421100942
421105942
421110070
421120942
421125942
421130942
421140942
421145942
421150942
421160942
421165942
421170942
421175942
421180033
421185033
421187942
421189942
421190942
421200942
421205942
421210942
421220070
421223942
421225942
421227033
421230942
421240942
421250942
421260942
421265942
421270942
421280942
421290942
421300942
421310942
421315942
421320942
421330942
421335942
421340033
421350942
421360070
421370942
421380942
421390942
421400942
421410942
421415942
421420942
421430942
421440942
421450942
421460942
421470942
421480942
421490942
421500070
421505942
421507942
421510942
421520942
421530942
421535942
421540942
421545942
421550942
421555942
421560942
421565942
421567942
421568942
421569942
421570942
421575942
421580070
421590942
421600942
421605942
421610033
421620942
421625942
421630942
421635942
421640942
421650942
421660942
421670942
421680942
421690942
421700942
421710942
421715942
421720942
421725942
421730942
421740942
421750942
421755942
421760942
421770942
421775942
421780942
421790942
421795942
421800942
421810942
421820942
421825942
421830070
421835942
421840942
421850033
421860942
421870942
421875942
421880942
421885942
421890942
421895942
421900942
421910033
421915942
421917033
421920942
421930942
421935942
421940942
421950033
421960942
421970033
421985942
422000942
430000943
430003104
430005943
430010075
430020147
430030943
430040943
430045943
430047943
430050056
430055943
430057943
430060943
430063104
430064056
430066943
430070943
430080943
430085943
430087943
430090943
430100943
430105943
430107104
430110943
430120943
430130104
430140943
430150147
430155943
430160943
430163943
430165943
430170943
430175943
430180943
430185147
430187943
430190943
430192943
430195943
430200943
430205943
430210943
430215056
430220943
430222147
430223943
430225943
430230943
430235943
430237147
430240943
430245943
430250943
430258147
430260147
430265943
430270943
430280943
430290075
430300075
430310943
430320943
430330943
430340056
430350943
430355943
430360943
430367943
430370943
430380943
430390943
430400147
430410943
430420943
430430943
430435104
430440943
430450104
430460943
430461943
430462943
430463943
430465075
430466104
430467943
430468943
430469943
430470943
430471943
430480943
430485943
430490943
430495943
430500147
430510943
430511943
430512104
430513943
430515056
430517943
430520943
430530943
430535943
430537943
430540147
430543104
430544943
430545943
430550943
430558943
430560943
430570147
430580056
430583943
430585943
430587147
430590147
430593943
430595943
430597943
430600147
430605104
430607056
430610147
430613943
430620943
430630943
430632147
430635943
430637075
430640943
430642056
430645943
430650943
430655943
430660943
430670075
430673943
430675943
430676943
430680943
430690943
430692056
430693943
430695943
430697943
430700943
430705943
430710104
430720943
430730056
430740943
430745147
430750943
430755943
430760943
430770943
430780943
430781943
430783943
430786943
430790943
430800075
430805943
430807943
430810943
430820943
430825943
430830943
430840075
430843943
430845943
430850056
430860943
430865943
430870943
430880943
430885943
430890943
430900943
430905943
430910943
430912056
430915943
430920943
430925943
430930943
430940943
430950943
430955943
430957943
430960943
430965104
430970147
430975943
430980943
430990943
430995943
431000943
431010943
431020147
431030943
431033943
431036943
431040943
431041147
431043943
431046943
431050056
431053075
431055943
431057943
431060943
431065943
431070943
431075075
431080943
431085056
431087943
431090943
431100104
431110075
431112943
431113075
431115147
431120075
431123943
431125943
431127943
431130943
431140943
431142056
431150943
431160056
431162943
431164943
431170943
431171943
431173943
431175943
431177943
431179943
431180943
431190943
431198943
431200943
431205943
431210075
431213943
431215943
431217943
431220943
431225943
431230147
431235943
431237943
431238943
431240943
431242943
431244943
431245104
431247943
431250943
431260943
431261943
431262943
431265943
431267943
431270056
431275943
431280943
431290943
431295943
431300943
431301943
431303075
431306943
431308943
431310075
431320943
431330943
431333147
431335943
431337943
431339075
431340943
431342943
431344056
431346056
431349943
431350943
431360943
431365943
431370943
431380056
431390147
431395943
431400943
431402075
431403943
431405943
431406943
431407943
431410943
431413943
431415943
431417104
431420104
431430147
431440104
431442943
431445056
431446943
431447075
431449056
431450104
431453943
431454943
431455943
431460104
431470056
431475943
431477943
431478943
431480943
431490943
431500943
431505943
431507943
431510943
431513943
431514943
431515943
431517943
431520943
431530943
431531943
431532075
431535943
431540147
431545943
431550075
431555056
431560104
431570943
431575943
431580943
431590056
431595943
431600943
431610943
431620943
431630943
431640943
431642056
431643943
431645943
431647943
431650943
431660943
431670943
431673943
431675943
431680943
431690075
431695943
431697943
431700104
431710943
431720943
431725943
431730104
431740075
431750943
431755943
431760943
431770943
431775943
431780147
431790943
431795943
431800943
431805943
431810075
431820943
431830943
431840943
431842943
431843075
431844943
431845056
431846943
431848943
431849943
431850104
431860943
431861943
431862943
431870943
431880104
431890943
431900943
431910147
431912075
431915943
431920943
431930943
431935943
431936056
431937943
431940075
431950943
431960075
431970943
431971943
431973147
431975943
431980075
431990943
432000943
432010943
432020056
432023147
432026943
432030943
432032943
432035943
432040943
432045943
432050943
432055943
432057943
432060943
432065075
432067943
432070943
432080943
432085943
432090943
432100943
432110943
432120943
432130943
432132056
432135943
432140147
432143943
432145943
432146943
432147147
432149075
432150943
432160943
432162943
432163943
432166943
432170943
432180943
432183943
432185056
432190147
432195056
432200943
432210943
432215943
432218943
432220075
432225943
432230943
432232104
432234943
432235943
432237075
432240943
432250943
432252943
432253943
432254943
432255943
432260943
432270943
432280943
432285943
432290943
432300943
432310056
432320943
432330943
432335943
432340943
432345075
432350056
432360943
432370147
432375943
432377943
432380943
500000950
500020950
500025950
500060950
500070037
500080127
500085127
500090950
500100950
500110950
500124950
500150950
500190127
500200127
500210037
500215037
500220037
500230127
500240047
500260950
500270950
500280950
500290950
500295950
500310950
500315950
500320950
500325950
500330950
500345047
500348037
500350047
500370047
500375035
500380047
500390950
500400047
500410037
500430035
500440950
500450047
500460035
500470127
500480035
500490950
500500037
500510047
500515047
500520950
500525950
500540037
500560950
500568035
500570035
500580037
500600047
500620127
500625127
500627950
500630950
500635950
500640950
500660950
500690950
500710950
500720047
500730950
500740950
500750950
500755127
500769950
500770035
500780950
500790037
500793950
500795035
500797127
500800037
500830950
500840047
510000951
510010016
510020951
510025074
510030951
510035019
510040951
510050951
510060951
510080074
510100951
510120951
510125951
510130951
510140163
510160016
510170951
510180951
510185019
510190951
510250951
510260951
510263951
510267016
510268951
510269019
510270951
510279074
510285163
510300016
510305951
510310951
510320074
510325163
510330951
510335019
510336951
510337163
510340016
510343951
510345951
510350951
510360951
510370951
510380951
510385951
510390951
510395951
510410074
510420951
510450951
510452951
510454951
510455951
510460951
510480951
510490016
510500951
510510951
510515163
510517163
510520951
510523951
510525951
510530019
510550951
510558074
510560074
510562951
510590016
510600951
510610016
510615074
510617951
510618951
510619074
510620016
510621074
510622951
510623951
510624951
510625951
510626074
510627951
510628951
510629074
510630951
510631019
510637951
510642074
510645016
510650016
510665951
510670951
510675951
510677019
510680951
510682951
510685951
510700951
510704951
510706019
510710951
510715951
510718019
510719951
510720951
510724951
510726951
510729951
510730951
510735019
510740951
510757163
510760951
510770016
510774019
510775951
510776951
510777019
510779951
510780016
510785019
510787951
510788019
510790951
510792951
510794951
510795951
510800951
510805074
510810951
510820951
510830951
510835951
510840016
510850951
510860019
510880074
510885951
510890951
510895074
520000952
520005952
520010952
520013952
520015952
520017038
520020952
520025952
520030952
520040952
520050952
520055952
520060121
520070952
520080125
520082952
520085952
520090952
520100952
520110952
520120952
520130952
520140952
520145952
520150952
520160952
520170952
520180952
520190952
520200952
520210952
520215952
520220952
520230952
520235952
520240952
520250952
520255952
520260952
520270952
520280952
520290952
520300952
520310952
520320952
520330952
520340952
520350952
520355952
520357952
520360952
520370952
520380952
520390952
520393067
520396125
520400038
520410952
520420952
520425952
520430952
520440952
520450952
520455952
520460952
520465952
520470952
520480952
520485952
520490121
520495952
520500067
520505952
520510952
520520952
520530121
520540952
520545952
520547952
520549952
520550952
520551952
520552121
520560952
520570067
520580952
520590952
520600952
520610952
520620952
520630952
520640952
520650952
520660952
520670125
520680952
520690952
520700952
520710952
520720952
520725952
520730952
520735952
520740952
520750952
520753952
520755952
520760952
520765952
520770952
520780952
520790125
520800038
520810952
520815952
520820952
520830125
520840952
520850952
520860952
520870952
520880952
520890067
520900952
520910952
520915952
520920952
520929067
520930952
520940125
520945952
520950952
520960067
520970952
520980952
520990125
520993952
520995952
521000952
521010952
521015952
521020952
521030952
521040067
521050952
521056067
521060067
521070952
521080952
521090952
521100067
521110952
521120067
521130952
521140952
521150952
521160952
521170952
521180952
521190952
521200952
521205952
521210952
521220952
521225952
521230952
521240952
521250952
521260952
521270125
521280952
521290952
521295952
521300952
521305038
521308952
521310952
521320952
521330952
521340952
521350121
521360952
521370952
521375952
521377952
521380952
521385067
521390067
521400952
521405952
521410952
521420952
521430952
521440952
521450952
521460952
521470952
521480952
521483952
521486952
521487952
521488952
521490121
521500952
521510952
521520952
521523952
521525952
521530952
521540952
521550952
521560038
521565952
521570952
521575952
521580952
521590952
521600952
521610952
521620952
521630952
521640952
521645952
521650952
521660952
521670952
521680952
521690952
521700952
521710952
521720952
521730952
521740952
521750952
521760038
521770952
521780952
521790952
521800952
521805952
521810952
521820952
521830125
521839952
521840952
521850952
521860952
521870952
521875952
521878952
521880952
521890952
521900067
521910952
521920952
521925952
521930952
521935952
521940952
521945952
521950952
521960952
521970952
521971952
521973952
521975952
521980125
521990952
522000121
522005952
522010952
522015952
522020952
522026952
522028952
522030952
522040952
522045952
522050952
522060952
522065952
522068125
522070125
522080952
522090952
522100067
522108121
522110952
522119952
522120952
522130952
522140952
522145952
522150952
522155952
522157952
522160952
522170067
522180952
522185952
522190952
522200952
522205952
522208952
522210952
522220038
522230952
530010038
