000000900
110000911
110001911
110002911
110003911
110004911
110005911
110006911
110007911
110008911
110009911
110010911
110011911
110012911
110013911
110014911
110015911
110018911
110020911
110025911
110026911
110028911
110029911
110030911
110032911
110033911
110034911
110037911
110040911
110045911
110050911
110060911
110070911
110080911
110090911
110092911
110094911
110100911
110110911
110120911
110130911
110140911
110143911
110145911
110146911
110147911
110148911
110149911
110150911
110155911
110160911
110170911
110175911
110180911
120000912
120001010
120005010
120010010
120013010
120017010
120020912
120025010
120030912
120032912
120033912
120034912
120035912
120038010
120039912
120040010
120042912
120043912
120045010
120050912
120060912
120070010
120080010
130000913
130002913
130006002
130008913
130010913
130014913
130020002
130030913
130040913
130050913
130060002
130063913
130068913
130070010
130080913
130083913
130090913
130100913
130110913
130115913
130120913
130130913
130140913
130150913
130160002
130165913
130170913
130180913
130185913
130190913
130195913
130200913
130210913
130220913
130230002
130240913
130250913
130255913
130260913
130270913
130280913
130290913
130300913
130310913
130320913
130330913
130340913
130350010
130353913
130356913
130360913
130370002
130380913
130390002
130395913
130400913
130406002
130410913
130420913
130423002
130426913
130430913
130440913
140000914
140002914
140005914
140010914
140015914
140017914
140020914
140023914
140028914
140030914
140040914
140045914
140047914
140050914
140060914
140070914
150000915
150010915
150013006
150020915
150030915
150034006
150040915
150050915
150060003
150070915
150080915
150085003
150090915
150095915
150100915
150110915
150120915
150125915
150130915
150140915
150145915
150150915
150157006
150160915
150170915
150172003
150175006
150178915
150180915
150190915
150195915
150200915
150210915
150215006
150220915
150230915
150240915
150250915
150260915
150270006
150275915
150276915
150277006
150280915
150285915
150290915
150293915
150295006
150300915
150304006
150307915
150309915
150310915
150320915
150330915
150340915
150345915
150350915
150360915
150370006
150375915
150380006
150390915
150400915
150405915
150410915
150420006
150430915
150440915
150442915
150445003
150450915
150460915
150470915
150475915
150480915
150490915
150495915
150497006
150500915
150503915
150506915
150510915
150520915
150530915
150540915
150543915
150548003
150549006
150550915
150553006
150555006
150560915
150563006
150565003
150570915
150580915
150590003
150600915
150610915
150611915
150613006
150616006
150618006
150619915
150620915
150630915
150635915
150640915
150650915
150655915
150658915
150660915
150670915
150680915
150690915
150700915
150710915
150715006
150720915
150730915
150740915
150745006
150746915
150747915
150750006
150760915
150770915
150775006
150780003
150790915
150795915
150796915
150797915
150800915
150803915
150805915
150808915
150810915
150812915
150815003
150820915
150830915
150835003
150840006
160000916
160005916
160010916
160015916
160020916
160021916
160023916
160025916
160027916
160030916
160040916
160050916
160053916
160055916
160060916
160070916
160080916
170000917
170025917
170030006
170035917
170040917
170070917
170100006
170105006
170110917
170130917
170190917
170200917
170210917
170215917
170220006
170230917
170240917
170255006
170270917
170290006
170300917
170305917
170307917
170310917
170320917
170330917
170360917
170370917
170380006
170382006
170384917
170386917
170388917
170389006
170390917
170410917
170460917
170510917
170550917
170555917
170560917
170600917
170610917
170625917
170650006
170700917
170710917
170720917
170730917
170740006
170755917
170765917
170770917
170820917
170825917
170830917
170900917
170930917
170950917
170980917
171050917
171070006
171090917
171110917
171150917
171180917
171190917
171195005
171200917
171215917
171240005
171245006
171250917
171270005
171280006
171320917
171330917
171360917
171370917
171380006
171395917
171420917
171430006
171488917
171500917
171510005
171515917
171525917
171550917
171570917
171575917
171610917
171620917
171630917
171650917
171660917
171665917
171670917
171700917
171720917
171750917
171780917
171790005
171800917
171820917
171830006
171840917
171845917
171850917
171855006
171865917
171870917
171875005
171880006
171884917
171886917
171888917
171889917
171890917
171900005
172000006
172010006
172015005
172020006
172025917
172030006
172049917
172065917
172080006
172085917
172090917
172093917
172097917
172100917
172110917
172120006
172125917
172130917
172208917
172210917
200010926
210000921
210005006
210010921
210015921
210020921
210030921
210040921
210043921
210047921
210050005
210055921
210060006
210070921
210080921
210083921
210087921
210090921
210095921
210100921
210110921
210120921
210125921
210130921
210135921
210140921
210150921
210160921
210170921
210173921
210177921
210180005
210190921
210193921
210197921
210200921
210203921
210207921
210210921
210215921
210220921
210230921
210232921
210235006
210237921
210240921
210250921
210255921
210260921
210270921
210275921
210280921
210290921
210300921
210310921
210312921
210315921
210317921
210320921
210325006
210330921
210340921
210350921
210355921
210360921
210370921
210375006
210380921
210390921
210400921
210405921
210407921
210408921
210409921
210410921
210420921
210430921
210440921
210450921
210455006
210460921
210462921
210465921
210467921
210470921
210480921
210490921
210500921
210510921
210515921
210520921
210530006
210535921
210540921
210542006
210545921
210547921
210550006
210560921
210565921
210570921
210580921
210590921
210592921
210594921
210596921
210598006
210600921
210610005
210620921
210630921
210632921
210635921
210637921
210640921
210650921
210660921
210663921
210667921
210670921
210675921
210680921
210690921
210700006
210710921
210720921
210725921
210730921
210735921
210740921
210745921
210750921
210760921
210770921
210780921
210790921
210800921
210805921
210810921
210820921
210825921
210830921
210840921
210845921
210850921
210860921
210870921
210880921
210890921
210900921
210905921
210910921
210920921
210923921
210927921
210930921
210940921
210945921
210950921
210955006
210960921
210970005
210975921
210980921
210990921
211000921
211003921
211010921
211020921
211023921
211027921
211030921
211040921
211050921
211060921
211065005
211070921
211080005
211085006
211090921
211100921
211102921
211105921
211107921
211110921
211120921
211125921
211130921
211140921
211150921
211153006
211157921
211160921
211163921
211167921
211170921
211172921
211174921
211176006
211178921
211180921
211190921
211195921
211200005
211210921
211220921
211223921
211227921
211230921
211240921
211245921
211250921
211260921
211270921
211280921
211285006
211290921
211300921
211400921
220000922
220005004
220010922
220020922
220025004
220027004
220030922
220040922
220045005
220050922
220060922
220070922
220080005
220090922
220095004
220100922
220105922
220110005
220115005
220117922
220120922
220130005
220140922
220150922
220155004
220157004
220160922
220170005
220173004
220177922
220180004
220190005
220191922
220192922
220194922
220196922
220198922
220200922
220202922
220205922
220207922
220208922
220209004
220210004
220211004
220213004
220217922
220220922
220225005
220230922
220240922
220245004
220250922
220253922
220255004
220260922
220265922
220270922
220271922
220272922
220273922
220275005
220277922
220280004
220285922
220290005
220300005
220310005
220320005
220323005
220325922
220327004
220330922
220335922
220340004
220342922
220345922
220350922
220360005
220370922
220375922
220380922
220385004
220390005
220400922
220410922
220415004
220420004
220430004
220435004
220440005
220450005
220455922
220460922
220465922
220470922
220480922
220490004
220500004
220510005
220515004
220520004
220525922
220527922
220530005
220535004
220540922
220545922
220550922
220551922
220552005
220553922
220554922
220555922
220556004
220557922
220558922
220559922
220560005
220570922
220580922
220585922
220590005
220595004
220600005
220605004
220610922
220620922
220630922
220635922
220640922
220650004
220660005
220665005
220667922
220669922
220670922
220672922
220675922
220680922
220690922
220695922
220700922
220710922
220720004
220730004
220735922
220740005
220750922
220755004
220760005
220770922
220775922
220777004
220779922
220780004
220785005
220790922
220793004
220795004
220800004
220810922
220820004
220830922
220840922
220850922
220855005
220860922
220865004
220870005
220880922
220885005
220887004
220890005
220900922
220910004
220915922
220920005
220930005
220935004
220937922
220940004
220945922
220950004
220955922
220960922
220965004
220970922
220975005
220980922
220985004
220987922
220990922
220995004
220997922
221000004
221005922
221010922
221020004
221030004
221035922
221037004
221038922
221039922
221040922
221050922
221060922
221062005
221063005
221065922
221070004
221080004
221090004
221093004
221095922
221097922
221100922
221110922
221120005
221130922
221135922
221140922
221150004
221160004
221170004
230000923
230010004
230015923
230020923
230030923
230040923
230050923
230060004
230070923
230075923
230080923
230090923
230100923
230110923
230120923
230125923
230130004
230140923
230150923
230160004
230170004
230180923
230185923
230190004
230195923
230200004
230205923
230210923
230220923
230230923
230240923
230250004
230260923
230270004
230280923
230290923
230300923
230310923
230320004
230330923
230340923
230350923
230360923
230365923
230370923
230380923
230390923
230393923
230395923
230400923
230410923
230420004
230423923
230425923
230426923
230427923
230428923
230430004
230435923
230440923
230445923
230450923
230460923
230465923
230470923
230480004
230490923
230495923
230500923
230510923
230520923
230523923
230526923
230530923
230533923
230535923
230540923
230550923
230560923
230565923
230570923
230580923
230590923
230600923
230610923
230620923
230625923
230630923
230640923
230650923
230655923
230660923
230670923
230680923
230690923
230700923
230710004
230720004
230725923
230730004
230740923
230750923
230760923
230763923
230765923
230770923
230780923
230790923
230800923
230810004
230820923
230830004
230835923
230837923
230840004
230850923
230860923
230870923
230880923
230890923
230900923
230910923
230920004
230930923
230940923
230945923
230950923
230960923
230970923
230980923
230990923
231000923
231010923
231020923
231025923
231030923
231040923
231050923
231060004
231070923
231080923
231085923
231090923
231095923
231100923
231110004
231120004
231123923
231126923
231130923
231135923
231140923
231150923
231160923
231170923
231180923
231190923
231195004
231200923
231210004
231220923
231230923
231240923
231250923
231260923
231270923
231280923
231290923
231300923
231310923
231320923
231325923
231330923
231335923
231340923
231350923
231355923
231360923
231370923
231375923
231380923
231390923
231395923
231400923
231410923
240000924
240010014
240020924
240030924
240040924
240050924
240060924
240070924
240080924
240090924
240100924
240110924
240120924
240130014
240140924
240145924
240150924
240160924
240165014
240170924
240180924
240185924
240190924
240200014
240210924
240220924
240230924
240240014
240250924
240260924
240270014
240280924
240290924
240300014
240310014
240320924
240325924
240330924
240340014
240350924
240360924
240370924
240375924
240380014
240390924
240400924
240410924
240420924
240430924
240440924
240450924
240460924
240470924
240480014
240485924
240490924
240500924
240510924
240520924
240530924
240540924
240550924
240560014
240570014
240580924
240590924
240600924
240610014
240615924
240620924
240630924
240640924
240650014
240660924
240670924
240680924
240690924
240700924
240710924
240720924
240725924
240730924
240740924
240750924
240760924
240770924
240780924
240790924
240800924
240810924
240820924
240830924
240840924
240850014
240860924
240870924
240880924
240890014
240895924
240910924
240920924
240930924
240933924
240940924
240950924
240960924
240970924
240980924
240990924
241000924
241010924
241020924
241025924
241030924
241040924
241050924
241060924
241070924
241080924
241090924
241100924
241105924
241110924
241120924
241140014
241142014
241150924
241160924
241170924
241180014
241190924
241200924
241210014
241220924
241230924
241240014
241250924
241255924
241260924
241270924
241280924
241290014
241300014
241310924
241320924
241330924
241335924
241340014
241350924
241355924
241360924
241370924
241380924
241390924
241400924
241410924
241415014
241420924
241430014
241440924
241445014
241450924
241460924
241470924
241475924
241480924
241490924
241500924
250000925
250010925
250020925
250030925
250040925
250050925
250053925
250057014
250060925
250070925
250073925
250077925
250080925
250090014
250100925
250110925
250115925
250120925
250130925
250135925
250140925
250150925
250153014
250157925
250160014
250170925
250180925
250190925
250200925
250205925
250210925
250215925
250220925
250230925
250240925
250250925
250260925
250270925
250280925
250290925
250300925
250310925
250320925
250330925
250340925
250350925
250355925
250360925
250370925
250375925
250380925
250390925
250400925
250403925
250407925
250410925
250415925
250420925
250430925
250435925
250440925
250450925
250460925
250470925
250480925
250485925
250490925
250500014
250510014
250520925
250523925
250527925
250530925
250535014
250540925
250550925
250560925
250570925
250580925
250590925
250600925
250610925
250620014
250625925
250630925
250640925
250650925
250660925
250670925
250680925
250690925
250700925
250710925
250720925
250730925
250740925
250750925
250760925
250770014
250780014
250790925
250800925
250810925
250820925
250830925
250840925
250850925
250855925
250860925
250870925
250880925
250890925
250900925
250905925
250910925
250915925
250920925
250930925
250933925
250937925
250939925
250940925
250950925
250960925
250970925
250980925
250990925
251000925
251010014
251020925
251030014
251040925
251050014
251060925
251065925
251070925
251080925
251090925
251100925
251110014
251120925
251130925
251140014
251150925
251160925
251170925
251180925
251190925
251200014
251203925
251207925
251210925
251220925
251230925
251240925
251250925
251260925
251270014
251272925
251274925
251275925
251276925
251278925
251280925
251290925
251300014
251310925
251315925
251320925
251330925
251335925
251340014
251350925
251360925
251365925
251370925
251380925
251385925
251390925
251392925
251394925
251396925
251398925
251400925
251410925
251420925
251430925
251440925
251445925
251450925
251455925
251460925
251465925
251470014
251480925
251490014
251500925
251510925
251520925
251530925
251540014
251550925
251560925
251570925
251580925
251590925
251593925
251597925
251600925
251610014
251615014
251620925
251630925
251640925
251650925
251660925
251670925
251675014
251680925
251690925
251700925
251710014
251720925
251740925
260000926
260005926
260010926
260020926
260030926
260040926
260050926
260060926
260070926
260080926
260090926
260100926
260105926
260110004
260120926
260130926
260140926
260150926
260160011
260170926
260180926
260190926
260200004
260210926
260220926
260230926
260240926
260250926
260260926
260270926
260280926
260290926
260300011
260310926
260320926
260330926
260340926
260345926
260350926
260360926
260370926
260380926
260390926
260392011
260400926
260410926
260415926
260420926
260430004
260440926
260450926
260460926
260470926
260480926
260490926
260500926
260510926
260515926
260520926
260530004
260540926
260545926
260550926
260560926
260570011
260580926
260590926
260600926
260610926
260620926
260630004
260640926
260650926
260660926
260670926
260680926
260690926
260700926
260710926
260720926
260730004
260740011
260750926
260760926
260765926
260770926
260775926
260780926
260790926
260795926
260800926
260805011
260810926
260820926
260825926
260830926
260840926
260845926
260850926
260860926
260870926
260875926
260880926
260890926
260900926
260910926
260915926
260920926
260930004
260940926
260950926
260960926
260970926
260980926
260990004
261000926
261010926
261020926
261030926
261040004
261050926
261060926
261070926
261080926
261090926
261100011
261110926
261120926
261130926
261140926
261150926
261153926
261160926
261170926
261180926
261190926
261200926
261210926
261220004
261230926
261240926
261245004
261247926
261250926
261255004
261260926
261270926
261280926
261290926
261300926
261310926
261320926
261330926
261340926
261350004
261360926
261370926
261380926
261390011
261400004
261410926
261420926
261430004
261440926
261450926
261460926
261470926
261480011
261485926
261500926
261510926
261520004
261530926
261540926
261550926
261560004
261570926
261580926
261590926
261600926
261610004
261618926
261620926
261630926
261640926
261650926
270000927
270010011
270020927
270030927
270040927
270050927
270060927
270070927
270080927
270090927
270100927
270110927
270120927
270130927
270135927
270140927
270150927
270160011
270170927
270180011
270190927
270200927
270210927
270220927
270230927
270235927
270240011
270250011
270255927
270260927
270270927
270280927
270290927
270300927
270310927
270320927
270330011
270340927
270350927
270360927
270370927
270375927
270380927
270390927
270400927
270410927
270420927
270430927
270440927
270450927
270460011
270470927
270480927
270490927
270500011
270510927
270520927
270530927
270540927
270550927
270560927
270570927
270580011
270590927
270600927
270610011
270620011
270630927
270640011
270642011
270644927
270650927
270660927
270670927
270680927
270690927
270700927
270710011
270720011
270730927
270740927
270750927
270760927
270770927
270780927
270790927
270800011
270810927
270820927
270830927
270840011
270850927
270860927
270870927
270880927
270890927
270895011
270900927
270910927
270915927
270920927
270930927
270940927
280000928
280010928
280020928
280030928
280040928
280050928
280060928
280067928
280070928
280100928
280110928
280120011
280130928
280140011
280150928
280160928
280170928
280190928
280200928
280210928
280220011
280230011
280240011
280250928
280260011
280270928
280280928
280290928
280300928
280310011
280320928
280330928
280340928
280350928
280360928
280370928
280380928
280390928
280400928
280410928
280420011
280430928
280440928
280445011
280450011
280460928
280470928
280480928
280490928
280500011
280510928
280520011
280530928
280540011
280550011
280560011
280570928
280580928
280590928
280600011
280610928
280620928
280630928
280640928
280650928
280660928
280670928
280680928
280690928
280700928
280710011
280720928
280730928
280740011
280750928
280760928
290000929
290010929
290020011
290030929
290035011
290040929
290050929
290060929
290070929
290080008
290090929
290100929
290110929
290115929
290120929
290130929
290135929
290140929
290150929
290160011
290170929
290180929
290190929
290195929
290200929
290205929
290210929
290220929
290225929
290230929
290240929
290250929
290260929
290265011
290270929
290280929
290290929
290300929
290310929
290320929
290323929
290327929
290330929
290340008
290350929
290360929
290370929
290380929
290390929
290395929
290400929
290405929
290410929
290420929
290430929
290440929
290450929
290460929
290470929
290475929
290480929
290485929
290490929
290500929
290510929
290515929
290520929
290530929
290540929
290550929
290560929
290570929
290580929
290590929
290600929
290610929
290620929
290630929
290640929
290650929
290660929
290670929
290680011
290682011
290685929
290687929
290689929
290690008
290700929
290710929
290720929
290730929
290740929
290750929
290755929
290760929
290770011
290780011
290790011
290800929
290810929
290820929
290830929
290840929
290850929
290860929
290870929
290880929
290890929
290900929
290910929
290920011
290930929
290940929
290950929
290960929
290970929
290980929
290990929
291000929
291005929
291010929
291020929
291030929
291040929
291050929
291060929
291070011
291072008
291075011
291077929
291080929
291085929
291090929
291100929
291110929
291120929
291125929
291130929
291140011
291150929
291160929
291165929
291170929
291180008
291185011
291190929
291200929
291210929
291220929
291230929
291240929
291250929
291260929
291270929
291280008
291290929
291300929
291310929
291320929
291330929
291340929
291345929
291350929
291360929
291370929
291380929
291390929
291400929
291410929
291420929
291430929
291440929
291450929
291460929
291465008
291470929
291480929
291490929
291500929
291510929
291520929
291530008
291535929
291540929
291550929
291560008
291570929
291580929
291590929
291600008
291610929
291620929
291630008
291640929
291650011
291660929
291670929
291680929
291685929
291690929
291700929
291710929
291720929
291730929
291733929
291735929
291740929
291750929
291760929
291770929
291780929
291790929
291800929
291810011
291820929
291830929
291835929
291840929
291845008
291850929
291855929
291860929
291870929
291875929
291880929
291890008
291900929
291905929
291910929
291915929
291920929
291930929
291940929
291950929
291955929
291960929
291970929
291980929
291990011
291992929
291995929
292000929
292010929
292020929
292030929
292040929
292045929
292050929
292060929
292070929
292080929
292090929
292100929
292105929
292110008
292120929
292130929
292140929
292145929
292150011
292160929
292170929
292180929
292190929
292200008
292205929
292210929
292220929
292225929
292230929
292240929
292250929
292260929
292265011
292270929
292273929
292275929
292280929
292285929
292290011
292300008
292303929
292305011
292310011
292320929
292330929
292335929
292340929
292350929
292360929
292370929
292380011
292390929
292400011
292405929
292410929
292420011
292430929
292440929
292450929
292460929
292465929
292467929
292470929
292480929
292490929
292500929
292510929
292520929
292525929
292530008
292540929
292550008
292560929
292570929
292575929
292580011
292590011
292593929
292595929
292600929
292610929
292620929
292630929
292640929
292650011
292660011
292665929
292670929
292680929
292690929
292700929
292710011
292720929
292730929
292740929
292750929
292760011
292770008
292780929
292790929
292800929
292805929
292810929
292820929
292830929
292840929
292850929
292860929
292870929
292880929
292890929
292895929
292900929
292905929
292910929
292920929
292925929
292930929
292935929
292937929
292940929
292950929
292960929
292970929
292975929
292980929
292990929
293000929
293010929
293015929
293020929
293030929
293040929
293050929
293060929
293070929
293075929
293076011
293077929
293080929
293090929
293100929
293105929
293110929
293120929
293130929
293135008
293140929
293150929
293160929
293170929
293180929
293190011
293200011
293210929
293220929
293230929
293240929
293245929
293250929
293260929
293270929
293280929
293290929
293300929
293305929
293310929
293315929
293317929
293320929
293325008
293330929
293340929
293345929
293350929
293360929
310000931
310010931
310020931
310030931
310040931
310050931
310060931
310070931
310080931
310090008
310100931
310110931
310120931
310130931
310140931
310150931
310160931
310163931
310170008
310180931
310190931
310200931
310205012
310210931
310220931
310230931
310240931
310250931
310260931
310270008
310280931
310285008
310290931
310300931
310310931
310320931
310330931
310340008
310350931
310360931
310370931
310375931
310380931
310390931
310400931
310410931
310420931
310430931
310440931
310445008
310450007
310460931
310470008
310480931
310490931
310500931
310510931
310520008
310530931
310540931
310550931
310560931
310570931
310590931
310600931
310610931
310620931
310630931
310640931
310650008
310660008
310665931
310670931
310680931
310690931
310700931
310710931
310720931
310730931
310740931
310750931
310760931
310770931
310780931
310790931
310800931
310810931
310820007
310825931
310830931
310840931
310850931
310855007
310860931
310870931
310880931
310890931
310900931
310910931
310920931
310925931
310930007
310940931
310945007
310950931
310960931
310970931
310980931
310990931
311000931
311010012
311020931
311030931
311040931
311050931
311060931
311070931
311080931
311090931
311100931
311110931
311115931
311120931
311130931
311140931
311150931
311160931
311170931
311180931
311190931
311200931
311205931
311210012
311220931
311230008
311240931
311250931
311260931
311265931
311270931
311280931
311290931
311300008
311310931
311320931
311330012
311340931
311350008
311360931
311370008
311380931
311390931
311400931
311410931
311420931
311430931
311440931
311450931
311455931
311460931
311470931
311480931
311490931
311500931
311510931
311520931
311530931
311535931
311540931
311545008
311547931
311550931
311560931
311570931
311580931
311590931
311600931
311610008
311615007
311620931
311630931
311640931
311650931
311660931
311670931
311680931
311690931
311700008
311710931
311720931
311730931
311740931
311750931
311760931
311770931
311780931
311783931
311787931
311790931
311800931
311810931
311820931
311830931
311840931
311850931
311860931
311870931
311880931
311890931
311900931
311910931
311920931
311930931
311940931
311950008
311960931
311970931
311980931
311990931
311995931
312000931
312010008
312015008
312020931
312030931
312040931
312050931
312060931
312070931
312080931
312083931
312087931
312090931
312100008
312110931
312120931
312125931
312130931
312140931
312150931
312160008
312170931
312180931
312190931
312200931
312210931
312220931
312230931
312235931
312240931
312245008
312247007
312250931
312260931
312270931
312280931
312290931
312300931
312310931
312320931
312330931
312340931
312350931
312352931
312360931
312370931
312380931
312385931
312390931
312400931
312410931
312420012
312430931
312440931
312450931
312460931
312470931
312480931
312490931
312500931
312510931
312520931
312530931
312540008
312550008
312560008
312570931
312580931
312590931
312595931
312600931
312610931
312620007
312630931
312640931
312650008
312660931
312670931
312675008
312680008
312690931
312695931
312700931
312705008
312707931
312710931
312720931
312730931
312733931
312735931
312737931
312738931
312740931
312750931
312760008
312770931
312780931
312790931
312800931
312810931
312820931
312825931
312830931
312840931
312850931
312860007
312870931
312880931
312890931
312900931
312910931
312920931
312930931
312940931
312950931
312960931
312965931
312970931
312980931
312990931
313000931
313005931
313010931
313020931
313030931
313040931
313050931
313055931
313060931
313065931
313070931
313080931
313090931
313100931
313110931
313115931
313120931
313130931
313140931
313150931
313160931
313170931
313180931
313190931
313200931
313210931
313220931
313230008
313240931
313250008
313260931
313270931
313280931
313290931
313300931
313310931
313320931
313330008
313340931
313350931
313360931
313370931
313375931
313380931
313390931
313400008
313410931
313420931
313430931
313440931
313450931
313460931
313470008
313480931
313490931
313500931
313505931
313507931
313510931
313520931
313530931
313535931
313540931
313545008
313550931
313560931
313570931
313580008
313590931
313600008
313610931
313620931
313630007
313640931
313650008
313652008
313655931
313657931
313660931
313665931
313670931
313680931
313690931
313695931
313700008
313710007
313720931
313730931
313740931
313750931
313753007
313760931
313770931
313780931
313790931
313800931
313810931
313820931
313830931
313835008
313840931
313850931
313860931
313862931
313865931
313867012
313868931
313870931
313880931
313890008
313900931
313910931
313920008
313925931
313930931
313940931
313950012
313960931
313970931
313980931
313990931
314000931
314010931
314015931
314020931
314030931
314040931
314050931
314053931
314055008
314060931
314070931
314080931
314085931
314090931
314100931
314110931
314120931
314130931
314140008
314150931
314160931
314170931
314180008
314190931
314200931
314210931
314220931
314225931
314230931
314240931
314250931
314260931
314270931
314280931
314290931
314300931
314310931
314315008
314320931
314330931
314340931
314345931
314350931
314360931
314370931
314380931
314390931
314400931
314410931
314420931
314430008
314435931
314437007
314440931
314450931
314460931
314465931
314467931
314470931
314480931
314490931
314500931
314505931
314510931
314520931
314530008
314535008
314537931
314540931
314545931
314550931
314560931
314570931
314580931
314585931
314587931
314590931
314600931
314610931
314620008
314625931
314630008
314640931
314650931
314655931
314660931
314670931
314675008
314690931
314700007
314710931
314720931
314730931
314740931
314750931
314760931
314770931
314780931
314790931
314795931
314800931
314810931
314820931
314830931
314840931
314850008
314860931
314870008
314875931
314880931
314890931
314900931
314910931
314915931
314920931
314930931
314940931
314950931
314960931
314970931
314980931
314990931
314995931
315000931
315010931
315015931
315020931
315030931
315040931
315050931
315053931
315057007
315060931
315070931
315080931
315090931
315100931
315110931
315120931
315130931
315140931
315150931
315160931
315170931
315180931
315190931
315200931
315210931
315213931
315217008
315220931
315230931
315240008
315250931
315260931
315270931
315280931
315290931
315300931
315310931
315320931
315330008
315340007
315350012
315360931
315370931
315380931
315390931
315400931
315410931
315415931
315420931
315430931
315440931
315445007
315450931
315460931
315470931
315480931
315490931
315500931
315510008
315520931
315530931
315540931
315550931
315560931
315570931
315580931
315590931
315600931
315610931
315620931
315630931
315640931
315645931
315650931
315660008
315670931
315680931
315690931
315700931
315710008
315720931
315725931
315727931
315730931
315733931
315737931
315740931
315750931
315760007
315765008
315770931
315780931
315790931
315800931
315810008
315820931
315830931
315840931
315850931
315860931
315870931
315880931
315890931
315895931
315900931
315910931
315920931
315930931
315935931
315940931
315950931
315960931
315970931
315980931
315990931
316000931
316010931
316020931
316030008
316040931
316045931
316050931
316060931
316070931
316080931
316090931
316095931
316100931
316105931
316110931
316120931
316130931
316140931
316150931
316160931
316165931
316170931
316180931
316190931
316200931
316210931
316220931
316225931
316230931
316240931
316245931
316250931
316255012
316257931
316260931
316265931
316270931
316280931
316290931
316292931
316294931
316295931
316300931
316310931
316320931
316330931
316340931
316350931
316360931
316370931
316380931
316390931
316400931
316410931
316420007
316430931
316440931
316443931
316447931
316450931
316460931
316470931
316480931
316490931
316500931
316510931
316520931
316530931
316540931
316550931
316553931
316555008
316556931
316557931
316560931
316570931
316580931
316590008
316600931
316610931
316620931
316630931
316640931
316650931
316660931
316670008
316680931
316690931
316695931
316700931
316710931
316720931
316730931
316740931
316750931
316760931
316770931
316780931
316790931
316800931
316805931
316810931
316820931
316830931
316840931
316850931
316860008
316870931
316880931
316890931
316900931
316905931
316910931
316920931
316930931
316935931
316940931
316950931
316960931
316970008
316980931
316990931
317000931
317005931
317010931
317020931
317030008
317040007
317043931
317047007
317050931
317052007
317057931
317060931
317065931
317070931
317075931
317080931
317090931
317100007
317103931
317107008
317110931
317115931
317120931
317130931
317140931
317150931
317160008
317170931
317180931
317190931
317200931
317210931
317220931
320000932
320010932
320013932
320016932
320020932
320030932
320035932
320040932
320050012
320060932
320070932
320080932
320090932
320100008
320110012
320115932
320120932
320130932
320140932
320150932
320160008
320170932
320180012
320190932
320200012
320210008
320220932
320225932
320230012
320240932
320245932
320250932
320255012
320260932
320265932
320270932
320280932
320290932
320300932
320305008
320310932
320313932
320316932
320320932
320330932
320332932
320334932
320335932
320340012
320350008
320360008
320370932
320380012
320390932
320400932
320405008
320410008
320420932
320425008
320430012
320435932
320440932
320450932
320455932
320460932
320465932
320470932
320480012
320490008
320495932
320500932
320501932
320503932
320506932
320510932
320515932
320517932
320520932
320530932
330000933
330010933
330015933
330020933
330022933
330023933
330025933
330030933
330040933
330045933
330050933
330060012
330070933
330080933
330090933
330093933
330095933
330100012
330110933
330115012
330120933
330130933
330140933
330150933
330160933
330170933
330180933
330185933
330187933
330190933
330200933
330205012
330210933
330220012
330225933
330227933
330230012
330240933
330245933
330250933
330260933
330270933
330280933
330285933
330290933
330300933
330310012
330320933
330330933
330340933
330350933
330360933
330370933
330380933
330385933
330390933
330395933
330400933
330410012
330411933
330412933
330414933
330415933
330420933
330430933
330440933
330450933
330452933
330455933
330460933
330470933
330475012
330480933
330490933
330500012
330510933
330513012
330515933
330520933
330530933
330540933
330550933
330555933
330560933
330570933
330575933
330580933
330590933
330600933
330610933
330615012
330620933
330630933
350000935
350010935
350020935
350030935
350040935
350050935
350055935
350060935
350070935
350075935
350080935
350090935
350100935
350110935
350115935
350120935
350130935
350140935
350150935
350160935
350170935
350180935
350190935
350200935
350210935
350220935
350230935
350240935
350250935
350260935
350270009
350275935
350280935
350290935
350300935
350310935
350315935
350320935
350330935
350335935
350340935
350350935
350360935
350370935
350380935
350390935
350395935
350400935
350410935
350420935
350430935
350440935
350450935
350460935
350470935
350480935
350490935
350500935
350510935
350520935
350530935
350535009
350540009
350550935
350560935
350570935
350580935
350590935
350600935
350610935
350620935
350630935
350635935
350640935
350650935
350660935
350670935
350680935
350690935
350700935
350710935
350715935
350720935
350730935
350740935
350745935
350750935
350760935
350770935
350775935
350780935
350790935
350800935
350810935
350820935
350830935
350840935
350850935
350860935
350870935
350880935
350890935
350900935
350910935
350920935
350925009
350930935
350940935
350945935
350950935
350960935
350970935
350980935
350990009
350995935
351000935
351010935
351015935
351020935
351030935
351040935
351050935
351060935
351070935
351080935
351090935
351100935
351110935
351120935
351130935
351140935
351150935
351160935
351170935
351190935
351200935
351210935
351220935
351230935
351240935
351250935
351260935
351270935
351280935
351290935
351300935
351310935
351320935
351330935
351340935
351350935
351360935
351370935
351380935
351385935
351390935
351400935
351410935
351420935
351430935
351440935
351450935
351460935
351470935
351480009
351490935
351492935
351495935
351500935
351510935
351512935
351515935
351518935
351519935
351520935
351530935
351535935
351540935
351550935
351560935
351565935
351570935
351580935
351590935
351600935
351610935
351620935
351630935
351640935
351650935
351660935
351670935
351680935
351685935
351690935
351700935
351710935
351720935
351730935
351740935
351750935
351760935
351770935
351780935
351790935
351800935
351810935
351820935
351830935
351840935
351850935
351860935
351870935
351880935
351885935
351890935
351900935
351905935
351907935
351910935
351920935
351925935
351930935
351940935
351950935
351960935
351970935
351980935
351990935
352000935
352010935
352020935
352030009
352040935
352042009
352044935
352050935
352060935
352070935
352080935
352090935
352100935
352110935
352115935
352120009
352130935
352140935
352150935
352160935
352170935
352180935
352190935
352200935
352210935
352215009
352220935
352230935
352240935
352250935
352260935
352265009
352270935
352280935
352290935
352300935
352310935
352320935
352330009
352340935
352350935
352360935
352370935
352380935
352390935
352400935
352410935
352420935
352430935
352440935
352450935
352460009
352470935
352480935
352490935
352500935
352510935
352520935
352530935
352540935
352550935
352560935
352570935
352580935
352585935
352590935
352600935
352610009
352620009
352630935
352640935
352650935
352660935
352670935
352680935
352690935
352700935
352710935
352720935
352725935
352730935
352740935
352750935
352760935
352770935
352780935
352790935
352800935
352810935
352820935
352830935
352840935
352850935
352860935
352870935
352880935
352885935
352890935
352900935
352910935
352920935
352930935
352940935
352950935
352960935
352965935
352970935
352980935
352990009
353000935
353010935
353020935
353030935
353040935
353050935
353060935
353070935
353080935
353090935
353100935
353110935
353120935
353130935
353140935
353150935
353160935
353170935
353180935
353190935
353200935
353205935
353210935
353215935
353220935
353230935
353240935
353250935
353260935
353270935
353280935
353282935
353284935
353286935
353290935
353300935
353310935
353320935
353325935
353330935
353340935
353350935
353360935
353370935
353380935
353390935
353400935
353410935
353420935
353430935
353440935
353450935
353460935
353470935
353475935
353480935
353490935
353500935
353510935
353520935
353530935
353540935
353550935
353560935
353570935
353580935
353590935
353600935
353610935
353620009
353625935
353630935
353640935
353650935
353657935
353660935
353670935
353680935
353690935
353700935
353710935
353715935
353720009
353730935
353740935
353750935
353760935
353770935
353780935
353790935
353800935
353810935
353820935
353830935
353850935
353860935
353870935
353880935
353890935
353900935
353910935
353920935
353930935
353940935
353950935
353960935
353970935
353980935
353990935
354000935
354010935
354020935
354025935
354030935
354040935
354050935
354060935
354070935
354075935
354080935
354085935
354090935
354100935
354105935
354110935
354120935
354130935
354140935
354150935
354160935
354165935
354170935
354180935
354190935
354200935
354210935
354220935
354230935
354240935
354250935
354260009
354270935
354280009
354290935
354300935
354310935
354320935
354323935
354325935
354330935
354340935
354350935
354360935
354370935
354380935
354390935
354400935
354410935
354420935
354425935
354430935
354440935
354450935
354460935
354470935
354480935
354490935
354500935
354510935
354515935
354520935
354530935
354540935
354550935
354560935
354570935
354580935
354600935
354610935
354620935
354625935
354630935
354640935
354650935
354660935
354670935
354680935
354690935
354700935
354710935
354720935
354730935
354740935
354750935
354760935
354765935
354770935
354780935
354790935
354800935
354805935
354810935
354820935
354830935
354840935
354850935
354860935
354870935
354880935
354890935
354900935
354910935
354920935
354925935
354930935
354940935
354950935
354960935
354970935
354980935
354990935
354995009
355000935
355010935
355020935
355030935
355040935
355050935
355060935
355070935
355080935
355090935
355100935
355110935
355120935
355130935
355140935
355150935
355160935
355170935
355180009
355190935
355200935
355210935
355220935
355230935
355240935
355250935
355255935
355260935
355270935
355280935
355290935
355300935
355310935
355320935
355330935
355340935
355350009
355360935
355365935
355370935
355380935
355385935
355390935
355395935
355400935
355410935
355420935
355430935
355440935
355450935
355460935
355465935
355470935
355475935
355480935
355490935
355495935
355500935
355510935
355520935
355530935
355535935
355540935
355550935
355560935
355570935
355580935
355590935
355600935
355610935
355620935
355630935
355635935
355640935
355645935
355650935
355660935
355670935
355680935
355690935
355695935
355700935
355710935
355715935
355720935
355730935
410000941
410010941
410020009
410030941
410040941
410045941
410050941
410060941
410070941
410080941
410090941
410100001
410105941
410110941
410115941
410120009
410130941
410140941
410150941
410160941
410165941
410170941
410180941
410185941
410190941
410200941
410210941
410220941
410230941
410240941
410250941
410260001
410270941
410275001
410280941
410290941
410300941
410302001
410304941
410305941
410310009
410315001
410320941
410322001
410330941
410335941
410337941
410340941
410345941
410347941
410350941
410360941
410370941
410380941
410390941
410395941
410400009
410405941
410410941
410420941
410425941
410430941
410440941
410442941
410445941
410450001
410460941
410465941
410470941
410480941
410490941
410500941
410510941
410520009
410530941
410540001
410550941
410560941
410570001
410580941
410590941
410600941
410610941
410620941
410630941
410640941
410645001
410650001
410655941
410657001
410660941
410670941
410680941
410685941
410690941
410700941
410710941
410712941
410715941
410720001
410725941
410730941
410740001
410750941
410752941
410753941
410754941
410755941
410760941
410765941
410770941
410773941
410775941
410780941
410785001
410790941
410800941
410810941
410820941
410830941
410832941
410840001
410845941
410850941
410855941
410860941
410865941
410870941
410880941
410890941
410895941
410900941
410910941
410920941
410930941
410940941
410950009
410960009
410965001
410970941
410975941
410980941
410990941
411000941
411005941
411007941
411010941
411020941
411030941
411040941
411050941
411060941
411065941
411070941
411080941
411090941
411095941
411100941
411110941
411120001
411125009
411130941
411140941
411150941
411155941
411160941
411170941
411180941
411190941
411200941
411210941
411220941
411230941
411240941
411250941
411260941
411270941
411275941
411280941
411290941
411295941
411300941
411310941
411320941
411325941
411330941
411340941
411342941
411345941
411350941
411360941
411370941
411373941
411375941
411380941
411390941
411400941
411410941
411420941
411430941
411435001
411440001
411450941
411460941
411470941
411480941
411490941
411500941
411510941
411520941
411530001
411535941
411540001
411545941
411550941
411560941
411570009
411573941
411575941
411580941
411585941
411590941
411600941
411605941
411610941
411620009
411630941
411640941
411650941
411660941
411670941
411680941
411690941
411695001
411700941
411705941
411710941
411720941
411721941
411722941
411725001
411727941
411729941
411730941
411740941
411745941
411750941
411760001
411770941
411780941
411790941
411800941
411810941
411820009
411830941
411840941
411845941
411850001
411860941
411870941
411880941
411885941
411890941
411900001
411910941
411915941
411920941
411925001
411930941
411940941
411950941
411960941
411965941
411970941
411980001
411990941
411995009
412000941
412010941
412015941
412020941
412030941
412033941
412035001
412040941
412050941
412060941
412065941
412070941
412080009
412085941
412090941
412100941
412110941
412120941
412125941
412130941
412135941
412140001
412150941
412160001
412170941
412175941
412180941
412190941
412200941
412210941
412215941
412217941
412220009
412230941
412240941
412250941
412260941
412265941
412270941
412280001
412290941
412300001
412310941
412320941
412330941
412340941
412350941
412360941
412370941
412380001
412382941
412385941
412390941
412395941
412400941
412402941
412405941
412410941
412420941
412430941
412440001
412450941
412460941
412470941
412480001
412490941
412500941
412510941
412520001
412530941
412535941
412540941
412545941
412550941
412555941
412560941
412570941
412575941
412580941
412590941
412600941
412610941
412620941
412625941
412627001
412630941
412635941
412640941
412650941
412660941
412665001
412667941
412670941
412680941
412690941
412700941
412710941
412720941
412730941
412740941
412750941
412760941
412770941
412780941
412785941
412788009
412790941
412795941
412796941
412800941
412810941
412820941
412830941
412840941
412850941
412853941
412855941
412860001
412862941
412863009
412865941
412870001
412880941
420000942
420005001
420010001
420020942
420030942
420040001
420050001
420055001
420060942
420070942
420075001
420080001
420090942
420100942
420110942
420120942
420125942
420127001
420130942
420140942
420150942
420160001
420165001
420170942
420180942
420190942
420195942
420200942
420205942
420207942
420208001
420209001
420210942
420213942
420215001
420220942
420230942
420240942
420243942
420245942
420250942
420253001
420257001
420260942
420270942
420280942
420285942
420287001
420290942
420300001
420310001
420315001
420320942
420325942
420330942
420340942
420350001
420360001
420370942
420380942
420390001
420395942
420400001
420410001
420415001
420417942
420419942
420420001
420425942
420430001
420435001
420440001
420445001
420450942
420455942
420460942
420470001
420475001
420480001
420490001
420500001
420510942
420515942
420517001
420519942
420520001
420530001
420535001
420540942
420543001
420545942
420550001
420555001
420560001
420570942
420580942
420590942
420600942
420610942
420620942
420630942
420640001
420650942
420660001
420665001
420670001
420675001
420680001
420690942
420700942
420710942
420720942
420730942
420740942
420750942
420757001
420760001
420765001
420768001
420770001
420775001
420780001
420785001
420790942
420800001
420810942
420820942
420830942
420840001
420845942
420850942
420860001
420870942
420880942
420890942
420895001
420900001
420910942
420915942
420917001
420920001
420930942
420940942
420945001
420950942
420960942
420970001
420980942
420985001
420990942
421000942
421003001
421005001
421010942
421020942
421030942
421040942
421050001
421055001
421060942
421070001
421080942
421085942
421090001
421100001
421105001
421110942
421120942
421125942
421130942
421140001
421145001
421150942
421160942
421165001
421170942
421175942
421180001
421185001
421187001
421189942
421190942
421200001
421205942
421210001
421220942
421223001
421225942
421227001
421230942
421240942
421250942
421260001
421265942
421270942
421280942
421290001
421300001
421310001
421315001
421320942
421330001
421335001
421340001
421350942
421360942
421370942
421380942
421390001
421400942
421410942
421415001
421420001
421430942
421440001
421450942
421460942
421470942
421480942
421490942
421500942
421505942
421507001
421510942
421520001
421530942
421535001
421540001
421545942
421550001
421555001
421560942
421565942
421567942
421568001
421569001
421570942
421575001
421580942
421590942
421600001
421605001
421610001
421620942
421625001
421630942
421635942
421640942
421650942
421660942
421670001
421680942
421690001
421700942
421710942
421715001
421720001
421725942
421730001
421740942
421750001
421755001
421760942
421770942
421775001
421780942
421790001
421795001
421800942
421810942
421820942
421825942
421830942
421835942
421840942
421850001
421860942
421870942
421875001
421880942
421885001
421890942
421895942
421900942
421910001
421915001
421917001
421920942
421930001
421935942
421940942
421950001
421960001
421970001
421985001
422000942
430000943
430003013
430005001
430010013
430020001
430030001
430040013
430045001
430047001
430050001
430055001
430057943
430060943
430063013
430064001
430066001
430070943
430080943
430085013
430087943
430090001
430100943
430105943
430107013
430110013
430120943
430130013
430140943
430150001
430155001
430160013
430163943
430165943
430170001
430175013
430180001
430185001
430187013
430190013
430192001
430195001
430200001
430205001
430210943
430215001
430220001
430222001
430223001
430225943
430230943
430235943
430237001
430240943
430245943
430250001
430258001
430260001
430265943
430270013
430280013
430290013
430300013
430310943
430320001
430330001
430340001
430350013
430355001
430360943
430367943
430370001
430380001
430390943
430400001
430410001
430420013
430430001
430435013
430440943
430450013
430460943
430461943
430462001
430463943
430465013
430466013
430467013
430468943
430469943
430470001
430471943
430480943
430485001
430490001
430495001
430500001
430510943
430511001
430512013
430513013
430515001
430517013
430520001
430530001
430535013
430537001
430540001
430543013
430544013
430545943
430550001
430558943
430560001
430570001
430580001
430583943
430585001
430587001
430590001
430593943
430595943
430597001
430600001
430605013
430607001
430610001
430613001
430620943
430630001
430632001
430635001
430637013
430640943
430642001
430645943
430650013
430655943
430660013
430670013
430673001
430675943
430676943
430680943
430690013
430692001
430693001
430695001
430697001
430700001
430705001
430710013
430720001
430730001
430740001
430745001
430750001
430755001
430760943
430770943
430780943
430781943
430783001
430786943
430790943
430800013
430805001
430807943
430810943
430820943
430825001
430830001
430840013
430843943
430845001
430850001
430860943
430865013
430870001
430880013
430885001
430890001
430900001
430905943
430910943
430912001
430915943
430920943
430925943
430930943
430940943
430950001
430955943
430957943
430960001
430965013
430970001
430975943
430980001
430990001
430995001
431000001
431010943
431020001
431030943
431033943
431036943
431040001
431041001
431043943
431046001
431050001
431053013
431055013
431057001
431060013
431065943
431070001
431075013
431080943
431085001
431087001
431090001
431100013
431110013
431112943
431113013
431115001
431120013
431123943
431125001
431127001
431130001
431140943
431142001
431150013
431160001
431162943
431164943
431170001
431171013
431173943
431175013
431177943
431179943
431180001
431190001
431198013
431200001
431205943
431210013
431213001
431215943
431217001
431220001
431225013
431230001
431235943
431237943
431238943
431240943
431242001
431244943
431245013
431247943
431250013
431260943
431261001
431262001
431265001
431267001
431270001
431275001
431280943
431290943
431295001
431300943
431301001
431303013
431306943
431308943
431310013
431320943
431330943
431333001
431335943
431337943
431339013
431340943
431342001
431344001
431346001
431349001
431350943
431360001
431365013
431370001
431380001
431390001
431395013
431400943
431402013
431403943
431405943
431406943
431407013
431410001
431413001
431415943
431417013
431420013
431430001
431440013
431442943
431445001
431446001
431447013
431449001
431450013
431453943
431454943
431455001
431460013
431470001
431475943
431477001
431478001
431480943
431490943
431500001
431505001
431507001
431510001
431513943
431514943
431515943
431517943
431520943
431530013
431531001
431532013
431535001
431540001
431545943
431550013
431555001
431560013
431570013
431575943
431580943
431590001
431595001
431600943
431610001
431620001
431630001
431640013
431642001
431643001
431645001
431647001
431650943
431660001
431670001
431673001
431675943
431680943
431690013
431695943
431697013
431700013
431710013
431720001
431725943
431730013
431740013
431750001
431755001
431760943
431770001
431775001
431780001
431790001
431795001
431800013
431805001
431810013
431820943
431830013
431840013
431842001
431843013
431844943
431845001
431846001
431848943
431849001
431850013
431860001
431861943
431862943
431870943
431880013
431890001
431900943
431910001
431912013
431915001
431920001
431930001
431935943
431936001
431937001
431940013
431950943
431960013
431970001
431971943
431973001
431975943
431980013
431990943
432000943
432010001
432020001
432023001
432026943
432030001
432032001
432035013
432040943
432045943
432050001
432055013
432057001
432060001
432065013
432067943
432070943
432080001
432085943
432090001
432100001
432110013
432120943
432130943
432132001
432135013
432140001
432143943
432145943
432146001
432147001
432149013
432150943
432160943
432162943
432163001
432166943
432170943
432180001
432183943
432185001
432190001
432195001
432200943
432210001
432215943
432218001
432220013
432225943
432230001
432232013
432234001
432235943
432237013
432240013
432250943
432252013
432253943
432254943
432255001
432260943
432270943
432280943
432285943
432290001
432300943
432310001
432320001
432330943
432335001
432340001
432345013
432350001
432360943
432370001
432375001
432377943
432380943
500000950
500020950
500025950
500060950
500070950
500080950
500085950
500090950
500100950
500110950
500124950
500150950
500190950
500200950
500210950
500215950
500220950
500230950
500240950
500260950
500270950
500280950
500290950
500295950
500310950
500315950
500320950
500325950
500330950
500345950
500348950
500350950
500370950
500375950
500380950
500390950
500400950
500410950
500430950
500440950
500450950
500460950
500470950
500480950
500490950
500500950
500510950
500515950
500520950
500525950
500540950
500560950
500568950
500570950
500580950
500600950
500620950
500625950
500627950
500630950
500635950
500640950
500660950
500690950
500710950
500720950
500730950
500740950
500750950
500755950
500769950
500770950
500780950
500790950
500793950
500795950
500797950
500800950
500830950
500840950
510000951
510010951
510020951
510025951
510030951
510035951
510040951
510050951
510060951
510080951
510100951
510120951
510125951
510130951
510140951
510160951
510170951
510180951
510185951
510190951
510250951
510260951
510263951
510267951
510268951
510269951
510270951
510279951
510285951
510300951
510305951
510310951
510320951
510325951
510330951
510335951
510336951
510337951
510340951
510343951
510345951
510350951
510360951
510370951
510380951
510385951
510390951
510395951
510410951
510420951
510450951
510452951
510454951
510455951
510460951
510480951
510490951
510500951
510510951
510515951
510517951
510520951
510523951
510525951
510530951
510550951
510558951
510560951
510562951
510590951
510600951
510610951
510615951
510617951
510618951
510619951
510620951
510621951
510622951
510623951
510624951
510625951
510626951
510627951
510628951
510629951
510630951
510631951
510637951
510642951
510645951
510650951
510665951
510670951
510675951
510677951
510680951
510682951
510685951
510700951
510704951
510706951
510710951
510715951
510718951
510719951
510720951
510724951
510726951
510729951
510730951
510735951
510740951
510757951
510760951
510770951
510774951
510775951
510776951
510777951
510779951
510780951
510785951
510787951
510788951
510790951
510792951
510794951
510795951
510800951
510805951
510810951
510820951
510830951
510835951
510840951
510850951
510860951
510880951
510885951
510890951
510895951
520000952
520005952
520010007
520013952
520015952
520017007
520020952
520025007
520030007
520040952
520050952
520055952
520060007
520070952
520080007
520082952
520085952
520090952
520100952
520110952
520120952
520130952
520140952
520145952
520150952
520160952
520170952
520180952
520190952
520200952
520210952
520215952
520220952
520230952
520235952
520240952
520250952
520255952
520260952
520270952
520280952
520290952
520300952
520310952
520320007
520330952
520340952
520350952
520355952
520357952
520360952
520370952
520380952
520390952
520393952
520396007
520400007
520410952
520420952
520425952
520430952
520440952
520450952
520455952
520460952
520465007
520470007
520480007
520485952
520490007
520495952
520500007
520505952
520510007
520520952
520530007
520540007
520545952
520547952
520549007
520550952
520551007
520552007
520560952
520570952
520580007
520590952
520600952
520610952
520620007
520630952
520640952
520650952
520660952
520670007
520680952
520690007
520700952
520710952
520720952
520725952
520730952
520735952
520740952
520750952
520753952
520755952
520760952
520765952
520770952
520780952
520790007
520800007
520810952
520815952
520820952
520830007
520840952
520850952
520860007
520870952
520880952
520890952
520900952
520910952
520915952
520920952
520929007
520930952
520940007
520945952
520950952
520960007
520970952
520980007
520990007
520993952
520995952
521000952
521010952
521015007
521020952
521030952
521040007
521050952
521056007
521060007
521070952
521080952
521090007
521100952
521110952
521120007
521130952
521140952
521150952
521160952
521170952
521180007
521190952
521200952
521205007
521210952
521220952
521225952
521230952
521240952
521250007
521260952
521270007
521280952
521290952
521295952
521300952
521305007
521308007
521310952
521320952
521330952
521340952
521350007
521360952
521370952
521375952
521377952
521380952
521385007
521390952
521400952
521405952
521410952
521420952
521430952
521440952
521450952
521460007
521470007
521480952
521483952
521486007
521487952
521488952
521490007
521500952
521510952
521520952
521523007
521525952
521530952
521540952
521550007
521560007
521565952
521570952
521575952
521580952
521590952
521600952
521610952
521620952
521630952
521640952
521645952
521650952
521660952
521670952
521680952
521690952
521700952
521710952
521720952
521730007
521740952
521750952
521760007
521770952
521780952
521790952
521800952
521805952
521810952
521820952
521830007
521839952
521840952
521850952
521860007
521870007
521875952
521878952
521880952
521890007
521900952
521910952
521920952
521925952
521930952
521935007
521940952
521945007
521950952
521960952
521970952
521971952
521973952
521975007
521980007
521990007
522000007
522005952
522010952
522015007
522020952
522026952
522028007
522030952
522040952
522045952
522050952
522060952
522065952
522068007
522070007
522080952
522090952
522100952
522108007
522110952
522119952
522120952
522130007
522140952
522145952
522150952
522155952
522157952
522160007
522170007
522180952
522185007
522190952
522200952
522205952
522208952
522210952
522220007
522230007
530010953
