00000000000
11000011000
11000111005
11000211001
11000311006
11000411002
11000511006
11000611006
11000711006
11000811007
11000911002
11001011004
11001111003
11001211003
11001311001
11001411005
11001511003
11001811002
11002011004
11002511003
11002611001
11002811005
11002911005
11003011006
11003211003
11003311004
11003411003
11003711005
11004011001
11004511001
11005011005
11006011001
11007011001
11008011004
11009011005
11009211006
11009411001
11010011003
11011011004
11012011002
11013011003
11014011001
11014311003
11014511005
11014611006
11014711002
11014811002
11014911007
11015011007
11015511003
11016011003
11017011003
11017511003
11018011003
12000012000
12000112002
12000512001
12001012001
12001312002
12001712002
12002012003
12002512001
12003012003
12003212002
12003312003
12003412002
12003512003
12003812002
12003912003
12004012002
12004212003
12004312002
12004512002
12005012002
12006012003
12007012001
12008012002
13000013000
13000213008
13000613009
13000813002
13001013002
13001413003
13002013009
13003013001
13004013001
13005013005
13006013009
13006313002
13006813005
13007013006
13008013003
13008313002
13009013006
13010013007
13011013001
13011513001
13012013002
13013013002
13014013007
13015013007
13016013009
13016513007
13017013003
13018013007
13018513001
13019013004
13019513007
13020013004
13021013008
13022013008
13023013009
13024013006
13025013002
13025513001
13026013001
13027013003
13028013008
13029013005
13030013005
13031013001
13032013002
13033013003
13034013005
13035013006
13035313001
13035613001
13036013001
13037013009
13038013001
13039013009
13039513004
13040013004
13040613009
13041013006
13042013008
13042313009
13042613008
13043013004
13044013004
14000014000
14000214001
14000514001
14001014001
14001514001
14001714001
14002014002
14002314002
14002814002
14003014001
14004014001
14004514001
14004714002
14005014002
14006014002
14007014001
15000015000
15001015011
15001315003
15002015007
15003015013
15003415001
15004015002
15005015002
15006015012
15007015014
15008015006
15008515012
15009015009
15009515008
15010015010
15011015014
15012015011
15012515001
15013015011
15014015006
15014515002
15015015006
15015715003
15016015009
15017015009
15017215012
15017515003
15017815004
15018015014
15019015007
15019515009
15020015013
15021015011
15021515003
15022015009
15023015008
15024015008
15025015013
15026015007
15027015001
15027515007
15027615001
15027715003
15028015014
15028515002
15029015008
15029315003
15029515003
15030015002
15030415001
15030715008
15030915004
15031015014
15032015008
15033015011
15034015008
15034515008
15035015008
15036015010
15037015003
15037515010
15038015004
15039015002
15040015011
15040515008
15041015008
15042015003
15043015008
15044015008
15044215006
15044515012
15045015014
15046015011
15047015011
15047515002
15048015002
15049015013
15049515008
15049715003
15050015009
15050315010
15050615004
15051015002
15052015011
15053015002
15054015009
15054315001
15054815012
15054915003
15055015008
15055315003
15055515001
15056015009
15056315003
15056515002
15057015013
15058015014
15059015012
15060015002
15061015009
15061115009
15061315001
15061615001
15061815003
15061915010
15062015009
15063015013
15063515006
15064015013
15065015007
15065515009
15065815001
15066015008
15067015001
15068015002
15069015009
15070015007
15071015007
15071515003
15072015008
15073015001
15074015008
15074515003
15074615008
15074715009
15075015003
15076015008
15077015013
15077515001
15078015012
15079015013
15079515004
15079615008
15079715002
15080015007
15080315009
15080515010
15080815001
15081015004
15081215008
15081515012
15082015007
15083015009
15083515012
15084015001
16000016000
16000516001
16001016002
16001516001
16002016002
16002116001
16002316001
16002516001
16002716003
16003016001
16004016003
16005016002
16005316001
16005516002
16006016003
16007016002
16008016003
17000017000
17002517007
17003017002
17003517005
17004017003
17007017005
17010017002
17010517002
17011017006
17013017001
17019017007
17020017005
17021017001
17021517001
17022017002
17023017004
17024017003
17025517002
17027017003
17029017002
17030017001
17030517004
17030717001
17031017007
17032017004
17033017004
17036017004
17037017008
17038017002
17038217002
17038417001
17038617005
17038817001
17038917002
17039017007
17041017004
17046017007
17051017008
17055017004
17055517003
17056017003
17060017004
17061017007
17062517005
17065017001
17070017003
17071017007
17072017007
17073017005
17074017002
17075517008
17076517005
17077017001
17082017005
17082517006
17083017004
17090017001
17093017004
17095017005
17098017008
17105017004
17107017002
17109017004
17111017004
17115017005
17118017004
17119017007
17119517006
17120017006
17121517003
17124017006
17124517002
17125017007
17127017008
17128017002
17132017006
17133017006
17136017008
17137017007
17138017002
17139517001
17142017008
17143017002
17148817001
17150017007
17151017006
17151517003
17152517003
17155017008
17157017004
17157517005
17161017007
17162017003
17163017001
17165017004
17166017005
17166517004
17167017004
17170017008
17172017001
17175017007
17178017003
17179017008
17180017003
17182017008
17183017002
17184017004
17184517007
17185017004
17185517002
17186517003
17187017006
17187517006
17188017002
17188417005
17188617001
17188817004
17188917005
17189017008
17190017006
17200017002
17201017002
17201517006
17202017002
17202517005
17203017002
17204917005
17206517008
17208017002
17208517005
17209017003
17209317003
17209717005
17210017006
17211017006
17212017002
17212517004
17213017004
17220817001
17221017001
21000021000
21000521001
21001021005
21001521006
21002021016
21003021005
21004021002
21004321007
21004721014
21005021003
21005521019
21006021008
21007021009
21008021006
21008321011
21008721019
21009021006
21009521004
21010021009
21011021013
21012021002
21012521013
21013021011
21013521018
21014021003
21015021015
21016021004
21017021013
21017321009
21017721014
21018021015
21019021011
21019321010
21019721019
21020021014
21020321001
21020721002
21021021006
21021521002
21022021005
21023021015
21023221001
21023521008
21023721013
21024021018
21025021018
21025521008
21026021019
21027021009
21027521012
21028021003
21029021019
21030021005
21031021011
21031221011
21031521019
21031721019
21032021006
21032521001
21033021007
21034021005
21035021015
21035521002
21036021007
21037021011
21037521008
21038021012
21039021005
21040021010
21040521008
21040721003
21040821004
21040921003
21041021003
21042021012
21043021019
21044021012
21045021012
21045521008
21046021012
21046221012
21046521014
21046721019
21047021012
21048021004
21049021011
21050021013
21051021013
21051521014
21052021010
21053021008
21053521004
21054021009
21054221001
21054521015
21054721004
21055021008
21056021012
21056521019
21057021010
21058021010
21059021002
21059221015
21059421010
21059621010
21059821008
21060021010
21061021003
21062021019
21063021006
21063221019
21063521002
21063721019
21064021006
21065021018
21066021017
21066321009
21066721006
21067021015
21067521009
21068021011
21069021014
21070021008
21071021013
21072021009
21072521003
21073021015
21073521019
21074021002
21074521018
21075021016
21076021018
21077021015
21078021017
21079021015
21080021015
21080521006
21081021002
21082021010
21082521011
21083021018
21084021011
21084521007
21085021014
21086021011
21087021014
21088021009
21089021010
21090021008
21090521011
21091021012
21092021013
21092321019
21092721011
21093021009
21094021013
21094521016
21095021003
21095521008
21096021013
21097021003
21097521012
21098021011
21099021014
21100021014
21100321019
21101021006
21102021013
21102321006
21102721013
21103021012
21104021009
21105021018
21106021006
21106521015
21107021012
21108021003
21108521001
21109021017
21110021018
21110221014
21110521008
21110721005
21111021015
21112021016
21112521012
21113021016
21114021002
21115021007
21115321001
21115721003
21116021003
21116321010
21116721010
21117021018
21117221014
21117421012
21117621008
21117821011
21118021008
21119021015
21119521015
21120021003
21121021007
21122021017
21122321010
21122721014
21123021012
21124021011
21124521011
21125021006
21126021009
21127021009
21128021018
21128521001
21129021009
21130021002
21140021019
22000022000
22000522009
22001022004
22002022004
22002522009
22002722009
22003022004
22004022004
22004522002
22005022004
22006022004
22007022006
22008022007
22009022010
22009522009
22010022011
22010522001
22011022002
22011522007
22011722010
22012022003
22013022002
22014022004
22015022003
22015522008
22015722009
22016022004
22017022011
22017322009
22017722001
22018022009
22019022002
22019122005
22019222006
22019422001
22019622003
22019822011
22020022005
22020222001
22020522001
22020722008
22020822005
22020922009
22021022008
22021122006
22021322009
22021722003
22022022001
22022522011
22023022011
22024022003
22024522006
22025022006
22025322005
22025522009
22026022001
22026522005
22027022005
22027122001
22027222005
22027322004
22027522002
22027722008
22028022008
22028522006
22029022002
22030022002
22031022002
22032022002
22032322002
22032522004
22032722009
22033022004
22033522006
22034022009
22034222003
22034522006
22035022010
22036022002
22037022003
22037522006
22038022011
22038522008
22039022011
22040022010
22041022011
22041522009
22042022009
22043022009
22043522009
22044022002
22045022011
22045522006
22046022004
22046522005
22047022010
22048022009
22049022008
22050022009
22051022011
22051522009
22052022009
22052522004
22052722001
22053022011
22053522006
22054022003
22054522003
22055022004
22055122001
22055222002
22055322006
22055422004
22055522004
22055622006
22055722003
22055822004
22055922010
22056022011
22057022005
22058022003
22058522003
22059022011
22059522009
22060022011
22060522009
22061022003
22062022004
22063022004
22063522003
22064022004
22065022009
22066022002
22066522002
22066722003
22066922005
22067022011
22067222004
22067522001
22068022003
22069022010
22069522001
22070022008
22071022004
22072022009
22073022011
22073522011
22074022002
22075022004
22075522009
22076022002
22077022005
22077522004
22077722009
22077922004
22078022009
22078522011
22079022003
22079322011
22079522011
22080022009
22081022010
22082022009
22083022003
22084022003
22085022003
22085522011
22086022010
22086522009
22087022002
22088022004
22088522002
22088722011
22089022007
22090022011
22091022009
22091522010
22092022002
22093022002
22093522009
22093722008
22094022009
22094522004
22095022008
22095522006
22096022010
22096522008
22097022011
22097522002
22098022004
22098522009
22098722003
22099022001
22099522008
22099722003
22100022006
22100522003
22101022011
22102022009
22103022009
22103522006
22103722009
22103822010
22103922011
22104022001
22105022004
22106022006
22106222002
22106322007
22106522001
22107022009
22108022008
22109022011
22109322009
22109522011
22109722008
22110022004
22111022004
22112022007
22113022010
22113522006
22114022010
22115022009
22116022009
22117022009
23000023000
23001023019
23001523003
23002023012
23003023018
23004023014
23005023011
23006023020
23007023010
23007523006
23008023020
23009023002
23010023001
23011023007
23012023004
23012523015
23013023020
23014023004
23015023014
23016023020
23017023019
23018023017
23018523008
23019023021
23019523003
23020023019
23020523016
23021023004
23022023022
23023023012
23024023005
23025023019
23026023016
23027023020
23028023005
23029023004
23030023005
23031023011
23032023021
23033023018
23034023013
23035023022
23036023018
23036523011
23037023002
23038023017
23039023016
23039323008
23039523022
23040023011
23041023015
23042023020
23042323013
23042523012
23042623018
23042723010
23042823001
23043023020
23043523011
23044023001
23044523007
23045023011
23046023002
23046523011
23047023016
23048023021
23049023011
23049523003
23050023013
23051023004
23052023011
23052323022
23052623008
23053023013
23053323008
23053523007
23054023017
23055023018
23056023015
23056523015
23057023017
23058023011
23059023015
23060023010
23061023011
23062023007
23062523001
23063023002
23064023006
23065023004
23065523012
23066023005
23067023009
23068023010
23069023010
23070023009
23071023021
23072023019
23072523012
23073023021
23074023018
23075023017
23076023010
23076323005
23076523003
23077023003
23078023012
23079023016
23080023011
23081023019
23082023011
23083023019
23083523008
23083723006
23084023021
23085023018
23086023015
23087023009
23088023011
23089023012
23090023011
23091023004
23092023020
23093023015
23094023015
23094523022
23095023017
23096023022
23097023003
23098023004
23099023011
23100023009
23101023003
23102023002
23102523002
23103023014
23104023005
23105023008
23106023019
23107023002
23108023010
23108523022
23109023018
23109523011
23110023015
23111023019
23112023020
23112323010
23112623015
23113023008
23113523018
23114023008
23115023010
23116023003
23117023011
23118023009
23119023018
23119523020
23120023011
23121023020
23122023011
23123023013
23124023002
23125023010
23126023002
23127023008
23128023011
23129023011
23130023008
23131023010
23132023015
23132523020
23133023014
23133523002
23134023013
23135023006
23135523006
23136023013
23137023017
23137523006
23138023006
23139023011
23139523011
23140023020
23141023013
24000024000
24001024004
24002024008
24003024003
24004024006
24005024006
24006024006
24007024008
24008024008
24009024006
24010024002
24011024002
24012024001
24013024002
24014024001
24014524002
24015024005
24016024003
24016524004
24017024005
24018024001
24018524003
24019024003
24020024004
24021024005
24022024001
24023024002
24024024004
24025024008
24026024003
24027024004
24028024005
24029024006
24030024004
24031024004
24032024006
24032524007
24033024006
24034024004
24035024001
24036024007
24037024002
24037524008
24038024004
24039024006
24040024006
24041024003
24042024001
24043024002
24044024002
24045024003
24046024003
24047024008
24048024004
24048524008
24049024006
24050024005
24051024003
24052024002
24053024005
24054024005
24055024003
24056024004
24057024004
24058024003
24059024006
24060024006
24061024004
24061524001
24062024001
24063024001
24064024005
24065024004
24066024001
24067024003
24068024005
24069024006
24070024006
24071024007
24072024003
24072524006
24073024006
24074024006
24075024003
24076024002
24077024001
24078024001
24079024001
24080024002
24081024007
24082024001
24083024001
24084024006
24085024004
24086024006
24087024008
24088024003
24089024004
24089524003
24091024001
24092024001
24093024006
24093324005
24094024006
24095024003
24096024003
24097024003
24098024001
24099024008
24100024006
24101024003
24102024006
24102524008
24103024005
24104024003
24105024006
24106024006
24107024006
24108024006
24109024003
24110024006
24110524002
24111024005
24112024005
24114024004
24114224004
24115024001
24116024003
24117024005
24118024004
24119024006
24120024007
24121024004
24122024001
24123024005
24124024004
24125024006
24125524003
24126024005
24127024005
24128024008
24129024005
24130024004
24131024005
24132024001
24133024001
24133524002
24134024004
24135024001
24135524006
24136024006
24137024005
24138024006
24139024003
24140024005
24141024006
24141524004
24142024001
24143024004
24144024003
24144524008
24145024006
24146024002
24147024001
24147524006
24148024001
24149024006
24150024001
25000025000
25001025011
25002025007
25003025003
25004025003
25005025002
25005325015
25005725003
25006025001
25007025009
25007325005
25007725010
25008025002
25009025003
25010025002
25011025003
25011525006
25012025003
25013025015
25013525016
25014025014
25015025002
25015325004
25015725015
25016025004
25017025015
25018025001
25019025002
25020025008
25020525009
25021025007
25021525016
25022025009
25023025008
25024025009
25025025015
25026025007
25027025002
25028025008
25029025008
25030025001
25031025015
25032025001
25033025009
25034025006
25035025002
25035525006
25036025002
25037025009
25037525013
25038025012
25039025005
25040025016
25040325014
25040725005
25041025009
25041525002
25042025006
25043025008
25043525015
25044025007
25045025006
25046025001
25047025005
25048025007
25048525005
25049025001
25050025004
25051025004
25052025002
25052325014
25052725014
25053025007
25053525004
25054025006
25055025006
25056025007
25057025002
25058025002
25059025006
25060025003
25061025016
25062025004
25062525015
25063025002
25064025012
25065025005
25066025007
25067025011
25068025012
25069025012
25070025007
25071025014
25072025012
25073025014
25074025008
25075025001
25076025012
25077025016
25078025006
25079025012
25080025011
25081025013
25082025002
25083025003
25084025010
25085025005
25085525002
25086025001
25087025006
25088025006
25089025014
25090025011
25090525014
25091025001
25091525010
25092025016
25093025014
25093325003
25093725008
25093925006
25094025012
25095025003
25096025009
25097025005
25098025002
25099025015
25100025010
25101025004
25102025007
25103025004
25104025007
25105025016
25106025005
25106525005
25107025006
25108025006
25109025013
25110025007
25111025004
25112025012
25113025007
25114025004
25115025012
25116025002
25117025002
25118025002
25119025001
25120025016
25120325009
25120725009
25121025013
25122025005
25123025011
25124025016
25125025015
25126025006
25127025003
25127225014
25127425002
25127525012
25127625001
25127825015
25128025008
25129025014
25130025006
25131025012
25131525015
25132025010
25133025009
25133525007
25134025006
25135025007
25136025007
25136525009
25137025001
25138025006
25138525016
25139025008
25139225013
25139425015
25139625013
25139825010
25140025005
25141025005
25142025010
25143025007
25144025006
25144525012
25145025009
25145525011
25146025006
25146525008
25147025006
25148025005
25149025006
25150025012
25151025003
25152025005
25153025001
25154025004
25155025005
25156025002
25157025007
25158025016
25159025002
25159325002
25159725001
25160025002
25161025016
25161525004
25162025010
25163025005
25164025002
25165025016
25166025011
25167025006
25167525016
25168025009
25169025009
25170025015
25171025006
25172025010
25174025005
26000026000
26000526010
26001026001
26002026009
26003026003
26004026008
26005026004
26006026003
26007026005
26008026003
26009026008
26010026004
26010526010
26011026007
26012026002
26013026003
26014026008
26015026008
26016026011
26017026003
26018026012
26019026003
26020026007
26021026004
26022026006
26023026003
26024026004
26025026001
26026026003
26027026006
26028026002
26029026010
26030026009
26031026003
26032026004
26033026004
26034026012
26034526010
26035026003
26036026005
26037026004
26038026004
26039026001
26039226012
26040026006
26041026003
26041526006
26042026008
26043026011
26044026010
26045026010
26046026005
26047026004
26048026008
26049026006
26050026003
26051026002
26051526009
26052026008
26053026007
26054026006
26054526010
26055026005
26056026012
26057026012
26058026003
26059026008
26060026004
26061026010
26062026005
26063026007
26064026003
26065026004
26066026002
26067026003
26068026010
26069026001
26070026002
26071026001
26072026010
26073026007
26074026012
26075026004
26076026010
26076526005
26077026001
26077526010
26078026005
26079026010
26079526008
26080026003
26080526002
26081026006
26082026008
26082526004
26083026004
26084026003
26084526006
26085026006
26086026004
26087026008
26087526009
26088026004
26089026006
26090026005
26091026006
26091526002
26092026008
26093026011
26094026010
26095026006
26096026010
26097026006
26098026009
26099026007
26100026008
26101026004
26102026003
26103026004
26104026007
26105026006
26106026006
26107026010
26108026002
26109026003
26110026002
26111026009
26112026003
26113026010
26114026008
26115026008
26115326001
26116026010
26117026003
26118026008
26119026008
26120026003
26121026006
26122026011
26123026004
26124026003
26124526007
26124726012
26125026003
26125526007
26126026009
26127026003
26128026001
26129026008
26130026003
26131026003
26132026004
26133026003
26134026008
26135026012
26136026001
26137026010
26138026005
26139026012
26140026011
26141026002
26142026008
26143026007
26144026001
26145026006
26146026001
26147026003
26148026002
26148526008
26150026003
26151026004
26152026011
26153026005
26154026003
26155026006
26156026007
26157026012
26158026002
26159026001
26160026002
26161026011
26161826006
26162026003
26163026006
26164026010
26165026008
27000027000
27001027010
27002027005
27003027007
27004027004
27005027001
27006027001
27007027007
27008027008
27009027007
27010027005
27011027003
27012027008
27013027004
27013527003
27014027005
27015027007
27016027009
27017027004
27018027009
27019027004
27020027007
27021027003
27022027001
27023027006
27023527007
27024027010
27025027009
27025527008
27026027007
27027027006
27028027001
27029027007
27030027003
27031027008
27032027006
27033027010
27034027007
27035027002
27036027002
27037027007
27037527006
27038027003
27039027003
27040027005
27041027007
27042027007
27043027001
27044027007
27045027002
27046027009
27047027001
27048027008
27049027004
27050027010
27051027002
27052027001
27053027008
27054027009
27055027003
27056027003
27057027009
27058027010
27059027007
27060027009
27061027009
27062027009
27063027008
27064027009
27064227010
27064427001
27065027002
27066027004
27067027006
27068027006
27069027001
27070027004
27071027010
27072027009
27073027002
27074027002
27075027006
27076027004
27077027001
27078027005
27079027001
27080027009
27081027003
27082027006
27083027003
27084027009
27085027002
27086027005
27087027002
27088027007
27089027001
27089527009
27090027008
27091027007
27091527005
27092027007
27093027003
27094027004
28000028000
28001028007
28002028007
28003028001
28004028002
28005028003
28006028001
28006728002
28007028007
28010028003
28011028007
28012028005
28013028006
28014028003
28015028006
28016028007
28017028002
28019028006
28020028001
28021028002
28022028005
28023028003
28024028005
28025028006
28026028005
28027028007
28028028002
28029028003
28030028002
28031028005
28032028001
28033028006
28034028007
28035028004
28036028001
28037028003
28038028007
28039028003
28040028006
28041028003
28042028005
28043028007
28044028007
28044528003
28045028005
28046028006
28047028007
28048028006
28049028007
28050028003
28051028002
28052028003
28053028006
28054028005
28055028004
28056028005
28057028007
28058028004
28059028001
28060028003
28061028006
28062028004
28063028002
28064028007
28065028001
28066028006
28067028001
28068028003
28069028007
28070028003
28071028004
28072028006
28073028007
28074028004
28075028002
28076028002
29000029000
29001029023
29002029017
29003029001
29003529019
29004029025
29005029003
29006029015
29007029001
29008029026
29009029012
29010029022
29011029006
29011529010
29012029028
29013029011
29013529024
29014029002
29015029006
29016029019
29017029006
29018029024
29019029001
29019529015
29020029003
29020529001
29021029025
29022029001
29022529009
29023029022
29024029012
29025029002
29026029006
29026529019
29027029008
29028029003
29029029028
29030029010
29031029015
29032029002
29032329010
29032729025
29033029012
29034029018
29035029028
29036029025
29037029015
29038029011
29039029021
29039529028
29040029023
29040529011
29041029003
29042029003
29043029015
29044029002
29045029008
29046029003
29047029012
29047529008
29048029013
29048529005
29049029005
29050029007
29051029014
29051529028
29052029007
29053029010
29054029027
29055029014
29056029012
29057029004
29058029027
29059029016
29060029024
29061029021
29062029010
29063029009
29064029006
29065029020
29066029007
29067029028
29068029025
29068229016
29068529006
29068729014
29068929028
29069029026
29070029001
29071029007
29072029016
29073029022
29074029002
29075029001
29075529003
29076029010
29077029017
29078029019
29079029019
29080029012
29081029021
29082029005
29083029022
29084029025
29085029006
29086029004
29087029028
29088029003
29089029006
29090029028
29091029021
29092029019
29093029021
29094029002
29095029015
29096029001
29097029002
29098029005
29099029016
29100029015
29100529004
29101029003
29102029022
29103029022
29104029028
29105029001
29106029001
29107029025
29107229018
29107529019
29107729021
29108029006
29108529024
29109029013
29110029012
29111029002
29112029027
29112529006
29113029010
29114029017
29115029012
29116029005
29116529003
29117029007
29118029018
29118529019
29119029011
29120029007
29121029012
29122029003
29123029013
29124029010
29125029003
29126029011
29127029012
29128029026
29129029015
29130029023
29131029010
29132029008
29133029006
29134029007
29134529027
29135029013
29136029009
29137029001
29138029006
29139029015
29140029006
29141029008
29142029015
29143029015
29144029023
29145029006
29146029010
29146529018
29147029011
29148029012
29149029009
29150029011
29151029015
29152029015
29153029018
29153529010
29154029012
29155029012
29156029026
29157029015
29158029013
29159029001
29160029026
29161029020
29162029012
29163029018
29164029013
29165029001
29166029012
29167029015
29168029013
29168529022
29169029015
29170029024
29171029013
29172029003
29173029027
29173329007
29173529021
29174029007
29175029014
29176029015
29177029024
29178029022
29179029001
29180029015
29181029017
29182029022
29183029015
29183529010
29184029016
29184529026
29185029010
29185529012
29186029003
29187029015
29187529007
29188029022
29189029026
29190029011
29190529015
29191029025
29191529010
29192029020
29193029023
29194029007
29195029003
29195529002
29196029011
29197029013
29198029003
29199029017
29199229020
29199529028
29200029013
29201029014
29202029007
29203029003
29204029015
29204529002
29205029015
29206029005
29207029012
29208029011
29209029009
29210029004
29210529007
29211029026
29212029014
29213029022
29214029014
29214529028
29215029025
29216029008
29217029014
29218029007
29219029023
29220029026
29220529010
29221029006
29222029022
29222529008
29223029005
29224029022
29225029022
29226029027
29226529025
29227029013
29227329006
29227529027
29228029022
29228529011
29229029019
29230029026
29230329023
29230529019
29231029019
29232029008
29233029001
29233529014
29234029007
29235029023
29236029003
29237029008
29238029019
29239029012
29240029017
29240529006
29241029001
29242029017
29243029023
29244029016
29245029007
29246029024
29246529006
29246729027
29247029028
29248029014
29249029015
29250029028
29251029028
29252029004
29252529024
29253029018
29254029013
29255029026
29256029010
29257029028
29257529022
29258029025
29259029025
29259329014
29259529006
29260029016
29261029025
29262029002
29263029006
29264029007
29265029019
29266029019
29266529028
29267029003
29268029007
29269029003
29270029001
29271029017
29272029011
29273029022
29274029020
29275029006
29276029017
29277029018
29278029012
29279029015
29280029025
29280529009
29281029021
29282029021
29283029006
29284029002
29285029022
29286029020
29287029022
29288029006
29289029002
29289529025
29290029005
29290529021
29291029022
29292029020
29292529010
29293029006
29293529012
29293729014
29294029022
29295029020
29296029005
29297029001
29297529020
29298029014
29299029023
29300029007
29301029024
29301529021
29302029016
29303029021
29304029006
29305029025
29306029014
29307029004
29307529021
29307629019
29307729016
29308029023
29309029002
29310029003
29310529007
29311029006
29312029027
29313029014
29313529026
29314029006
29315029025
29316029027
29317029006
29318029028
29319029025
29320029016
29321029022
29322029012
29323029012
29324029010
29324529014
29325029009
29326029007
29327029009
29328029011
29329029027
29330029025
29330529014
29331029014
29331529014
29331729022
29332029020
29332529026
29333029028
29334029011
29334529002
29335029027
29336029010
31000031000
31001031052
31002031067
31003031041
31004031056
31005031027
31006031060
31007031072
31008031061
31009031001
31010031053
31011031058
31012031065
31013031065
31014031057
31015031002
31016031003
31016331007
31017031004
31018031024
31019031050
31020031003
31020531041
31021031007
31022031058
31023031056
31024031019
31025031056
31026031055
31027031053
31028031037
31028531068
31029031007
31030031017
31031031045
31032031067
31033031062
31034031005
31035031073
31036031037
31037031077
31037531073
31038031051
31039031020
31040031006
31041031026
31042031020
31043031003
31044031039
31044531043
31045031074
31046031039
31047031068
31048031018
31049031065
31050031067
31051031021
31052031004
31053031003
31054031028
31055031045
31056031007
31057031056
31059031063
31060031035
31061031037
31062031008
31063031027
31064031008
31065031005
31066031001
31066531059
31067031009
31068031037
31069031064
31070031067
31071031070
31072031037
31073031044
31074031010
31075031037
31076031050
31077031028
31078031013
31079031057
31080031063
31081031009
31082031074
31082531034
31083031057
31084031003
31085031022
31085531036
31086031011
31087031071
31088031027
31089031029
31090031009
31091031057
31092031018
31092531027
31093031074
31094031054
31094531074
31095031026
31096031067
31097031057
31098031032
31099031067
31100031008
31101031012
31102031077
31103031055
31104031061
31105031057
31106031057
31107031069
31108031068
31109031069
31110031003
31111031032
31111531011
31112031061
31113031003
31114031072
31115031006
31116031003
31117031077
31118031032
31119031061
31120031061
31120531060
31121031012
31122031007
31123031043
31124031050
31125031067
31126031032
31126531024
31127031022
31128031050
31129031041
31130031048
31131031014
31132031007
31133031012
31134031013
31135031019
31136031057
31137031046
31138031025
31139031069
31140031061
31141031065
31142031020
31143031051
31144031003
31145031061
31145531023
31146031038
31147031003
31148031065
31149031014
31150031073
31151031050
31152031063
31153031039
31153531028
31154031014
31154531048
31154731033
31155031065
31156031067
31157031042
31158031032
31159031037
31160031041
31161031043
31161531074
31162031037
31163031007
31164031050
31165031044
31166031020
31167031071
31168031019
31169031023
31170031030
31171031003
31172031029
31173031072
31174031041
31175031025
31176031049
31177031065
31178031057
31178331034
31178731076
31179031057
31180031014
31181031019
31182031072
31183031014
31184031058
31185031029
31186031015
31187031070
31188031016
31189031067
31190031075
31191031018
31192031024
31193031052
31194031017
31195031005
31196031037
31197031063
31198031021
31199031057
31199531021
31200031017
31201031019
31201531001
31202031061
31203031022
31204031014
31205031065
31206031009
31207031051
31208031065
31208331058
31208731059
31209031018
31210031019
31211031029
31212031050
31212531072
31213031064
31214031014
31215031007
31216031019
31217031056
31218031017
31219031071
31220031012
31221031042
31222031024
31223031020
31223531053
31224031003
31224531004
31224731074
31225031027
31226031025
31227031056
31228031065
31229031039
31230031063
31231031025
31232031010
31233031071
31234031050
31235031052
31235231041
31236031075
31237031024
31238031044
31238531013
31239031014
31240031071
31241031009
31242031012
31243031033
31244031057
31245031057
31246031002
31247031010
31248031052
31249031045
31250031037
31251031057
31252031003
31253031012
31254031019
31255031019
31256031004
31257031018
31258031024
31259031028
31259531012
31260031009
31261031021
31262031074
31263031050
31264031067
31265031005
31266031044
31267031022
31267531068
31268031068
31269031024
31269531060
31270031023
31270531001
31270731059
31271031023
31272031067
31273031024
31273331033
31273531044
31273731058
31273831037
31274031029
31275031024
31276031019
31277031024
31278031022
31279031052
31280031025
31281031050
31282031056
31282531044
31283031026
31284031071
31285031064
31286031051
31287031026
31288031071
31289031051
31290031071
31291031032
31292031057
31293031027
31294031007
31295031006
31296031054
31296531011
31297031050
31298031015
31299031055
31300031063
31300531011
31301031009
31302031049
31303031021
31304031038
31305031070
31305531013
31306031057
31306531059
31307031073
31308031038
31309031013
31310031067
31311031018
31311531027
31312031041
31313031027
31314031032
31315031057
31316031052
31317031028
31318031042
31319031047
31320031044
31321031034
31322031031
31323031048
31324031029
31325031019
31326031039
31327031068
31328031028
31329031066
31330031065
31331031065
31332031024
31333031030
31334031023
31335031020
31336031057
31337031031
31337531050
31338031031
31339031014
31340031030
31341031058
31342031032
31343031038
31344031023
31345031038
31346031008
31347031004
31348031066
31349031057
31350031017
31350531033
31350731024
31351031033
31352031034
31353031020
31353531011
31354031014
31354531005
31355031056
31356031016
31357031067
31358031004
31359031065
31360031004
31361031027
31362031035
31363031036
31364031044
31365031004
31365231043
31365531060
31365731022
31366031008
31366531009
31367031037
31368031044
31369031026
31369531040
31370031068
31371031051
31372031020
31373031016
31374031063
31375031051
31375331036
31376031076
31377031041
31378031065
31379031014
31380031039
31381031054
31382031038
31383031049
31383531043
31384031039
31385031037
31386031037
31386231023
31386531011
31386731041
31386831011
31387031038
31388031010
31389031001
31390031003
31391031063
31392031068
31392531033
31393031040
31394031041
31395031041
31396031042
31397031067
31398031064
31399031029
31400031047
31401031024
31401531009
31402031064
31403031017
31404031029
31405031010
31405331041
31405531004
31406031025
31407031009
31408031037
31408531033
31409031041
31410031033
31411031076
31412031051
31413031021
31414031030
31415031042
31416031071
31417031027
31418031043
31419031065
31420031011
31421031045
31422031045
31422531040
31423031008
31424031010
31425031018
31426031075
31427031040
31428031073
31429031033
31430031026
31431031052
31431531030
31432031066
31433031044
31434031057
31434531059
31435031067
31436031018
31437031028
31438031057
31439031045
31440031041
31441031026
31442031024
31443031046
31443531027
31443731074
31444031057
31445031063
31446031038
31446531059
31446731042
31447031035
31448031008
31449031068
31450031073
31450531033
31451031026
31452031049
31453031068
31453531068
31453731059
31454031037
31454531044
31455031065
31456031061
31457031062
31458031049
31458531056
31458731012
31459031014
31460031057
31461031047
31462031068
31462531059
31463031048
31464031067
31465031021
31465531033
31466031007
31467031039
31467531004
31469031067
31470031074
31471031049
31472031003
31473031029
31474031067
31475031028
31476031065
31477031061
31478031037
31479031050
31479531011
31480031051
31481031052
31482031045
31483031077
31484031060
31485031001
31486031060
31487031053
31487531012
31488031077
31489031020
31490031012
31491031029
31491531034
31492031006
31493031076
31494031037
31495031064
31496031067
31497031020
31498031006
31499031038
31499531027
31500031068
31501031037
31501531013
31502031056
31503031063
31504031009
31505031021
31505331017
31505731011
31506031031
31507031023
31508031014
31509031029
31510031029
31511031002
31512031054
31513031071
31514031049
31515031050
31516031023
31517031003
31518031055
31519031041
31520031067
31521031056
31521331054
31521731030
31522031033
31523031077
31524031068
31525031057
31526031065
31527031063
31528031073
31529031066
31530031006
31531031071
31532031018
31533031019
31534031051
31535031041
31536031067
31537031067
31538031014
31539031008
31540031056
31541031039
31541531041
31542031063
31543031058
31544031007
31544531074
31545031033
31546031008
31547031038
31548031008
31549031056
31550031056
31551031004
31552031014
31553031009
31554031037
31555031051
31556031059
31557031035
31558031071
31559031037
31560031025
31561031063
31562031064
31563031071
31564031052
31564531045
31565031059
31566031004
31567031008
31568031025
31569031072
31570031059
31571031004
31572031028
31572531013
31572731037
31573031007
31573331063
31573731059
31574031056
31575031024
31576031054
31576531001
31577031006
31578031008
31579031041
31580031028
31581031004
31582031060
31583031070
31584031039
31585031067
31586031037
31587031007
31588031061
31589031041
31589531027
31590031076
31591031014
31592031055
31593031037
31593531013
31594031007
31595031058
31596031057
31597031051
31598031032
31599031061
31600031002
31601031056
31602031019
31603031004
31604031020
31604531059
31605031028
31606031018
31607031062
31608031069
31609031014
31609531013
31610031035
31610531042
31611031011
31612031061
31613031023
31614031045
31615031071
31616031024
31616531024
31617031051
31618031020
31619031028
31620031075
31621031051
31622031050
31622531016
31623031057
31624031011
31624531040
31625031063
31625531041
31625731042
31626031027
31626531016
31627031059
31628031060
31629031064
31629231009
31629431050
31629531076
31630031024
31631031049
31632031029
31633031068
31634031056
31635031060
31636031041
31637031065
31638031077
31639031026
31640031056
31641031060
31642031011
31643031050
31644031057
31644331045
31644731013
31645031060
31646031020
31647031066
31648031028
31649031065
31650031063
31651031066
31652031069
31653031063
31654031029
31655031024
31655331015
31655531068
31655631056
31655731057
31656031064
31657031071
31658031057
31659031019
31660031014
31661031025
31662031007
31663031056
31664031065
31665031025
31666031010
31667031046
31668031051
31669031003
31669531033
31670031065
31671031019
31672031067
31673031071
31674031057
31675031037
31676031041
31677031024
31678031065
31679031071
31680031059
31680531041
31681031006
31682031021
31683031008
31684031024
31685031077
31686031068
31687031017
31688031063
31689031051
31690031071
31690531057
31691031057
31692031012
31693031069
31693531018
31694031070
31695031024
31696031073
31697031043
31698031057
31699031071
31700031011
31700531013
31701031072
31702031073
31703031001
31704031074
31704331023
31704731074
31705031056
31705231011
31705731013
31706031050
31706531059
31707031075
31707531051
31708031054
31709031011
31710031051
31710331033
31710731043
31711031072
31711531013
31712031076
31713031077
31714031045
31715031024
31716031005
31717031065
31718031025
31719031024
31720031071
31721031002
31722031029
32000032000
32001032002
32001332001
32001632003
32002032004
32003032004
32003532001
32004032004
32005032004
32006032001
32007032004
32008032001
32009032003
32010032003
32011032004
32011532002
32012032004
32013032002
32014032004
32015032001
32016032003
32017032002
32018032004
32019032002
32020032004
32021032003
32022032002
32022532001
32023032004
32024032002
32024532002
32025032001
32025532004
32026032004
32026532004
32027032002
32028032004
32029032002
32030032004
32030532003
32031032004
32031332001
32031632002
32032032001
32033032001
32033232004
32033432002
32033532001
32034032004
32035032003
32036032003
32037032004
32038032004
32039032003
32040032001
32040532003
32041032003
32042032004
32042532003
32043032004
32043532001
32044032004
32045032002
32045532002
32046032002
32046532001
32047032001
32048032004
32049032003
32049532001
32050032002
32050132001
32050332004
32050632002
32051032002
32051532003
32051732001
32052032002
32053032002
33000033000
33001033001
33001533007
33002033002
33002233003
33002333002
33002533002
33003033004
33004033004
33004533005
33005033009
33006033007
33007033002
33008033009
33009033007
33009333008
33009533003
33010033008
33011033009
33011533007
33012033009
33013033002
33014033008
33015033009
33016033009
33017033005
33018033003
33018533009
33018733002
33019033006
33020033005
33020533007
33021033007
33022033007
33022533004
33022733005
33023033007
33024033008
33024533009
33025033005
33026033001
33027033006
33028033003
33028533005
33029033003
33030033007
33031033007
33032033005
33033033006
33034033009
33035033005
33036033003
33037033003
33038033001
33038533003
33039033009
33039533004
33040033004
33041033007
33041133004
33041233004
33041433005
33041533008
33042033004
33043033006
33044033004
33045033004
33045233002
33045533005
33046033009
33047033007
33047533008
33048033008
33049033006
33050033008
33051033005
33051333007
33051533009
33052033002
33053033009
33054033003
33055033002
33055533005
33056033006
33057033009
33057533006
33058033009
33059033009
33060033003
33061033004
33061533007
33062033003
33063033004
35000035000
35001035091
35002035156
35003035142
35004035142
35005035074
35005535061
35006035103
35007035062
35007535161
35008035112
35009035051
35010035133
35011035023
35011535163
35012035157
35013035112
35014035093
35015035093
35016035072
35017035031
35018035157
35019035074
35020035104
35021035022
35022035161
35023035063
35024035112
35025035172
35026035153
35027035162
35027535163
35028035021
35029035163
35030035083
35031035061
35031535172
35032035031
35033035101
35033535095
35034035062
35035035172
35036035063
35037035151
35038035072
35039035011
35039535153
35040035092
35041035071
35042035021
35043035062
35044035023
35045035061
35046035155
35047035062
35048035155
35049035172
35050035061
35051035023
35052035064
35053035064
35053535162
35054035121
35055035051
35056035131
35057035014
35058035095
35059035133
35060035062
35061035052
35062035021
35063035094
35063535041
35064035021
35065035023
35066035011
35067035031
35068035064
35069035063
35070035163
35071035071
35071535162
35072035092
35073035064
35074035032
35074535062
35075035063
35076035071
35077035023
35077535023
35078035133
35079035064
35080035162
35081035023
35082035083
35083035062
35084035073
35085035171
35086035172
35087035143
35088035065
35089035112
35090035012
35091035114
35092035012
35092535121
35093035051
35094035133
35094535161
35095035072
35096035073
35097035174
35098035093
35099035121
35099535172
35100035092
35101035033
35101535094
35102035161
35103035163
35104035103
35105035173
35106035014
35107035157
35108035143
35109035133
35110035022
35111035151
35112035151
35113035155
35114035061
35115035161
35116035161
35117035103
35119035023
35120035051
35121035051
35122035101
35123035063
35124035102
35125035023
35126035061
35127035104
35128035072
35129035157
35130035013
35131035132
35132035081
35133035092
35134035172
35135035041
35136035172
35137035034
35138035015
35138535153
35139035143
35140035033
35141035064
35142035153
35143035034
35144035111
35145035062
35146035131
35147035093
35148035121
35149035103
35149235151
35149535151
35150035013
35151035013
35151235112
35151535102
35151835142
35151935094
35152035154
35153035112
35153535115
35154035061
35155035154
35156035151
35156535093
35157035011
35158035111
35159035157
35160035091
35161035092
35162035081
35163035012
35164035012
35165035023
35166035093
35167035093
35168035157
35168535031
35169035157
35170035065
35171035023
35172035065
35173035093
35174035051
35175035155
35176035162
35177035083
35178035022
35179035051
35180035154
35181035093
35182035021
35183035011
35184035172
35185035161
35186035131
35187035041
35188035011
35188535132
35189035021
35190035095
35190535072
35190735072
35191035062
35192035095
35192535061
35193035034
35194035155
35195035094
35196035032
35197035163
35198035155
35199035113
35200035064
35201035083
35202035171
35203035121
35204035173
35204235121
35204435022
35205035072
35206035112
35207035154
35208035091
35209035094
35210035163
35211035104
35211535155
35212035121
35213035082
35214035102
35215035151
35216035111
35217035162
35218035061
35219035151
35220035064
35221035041
35221535162
35222035013
35223035161
35224035162
35225035014
35226035141
35226535162
35227035032
35228035061
35229035064
35230035022
35231035011
35232035162
35233035121
35234035072
35235035063
35236035104
35237035081
35238035143
35239035163
35240035073
35241035083
35242035051
35243035131
35244035171
35245035156
35246035121
35247035072
35248035153
35249035171
35250035014
35251035132
35252035073
35253035064
35254035081
35255035071
35256035113
35257035156
35258035093
35258535163
35259035073
35260035111
35261035121
35262035013
35263035174
35264035063
35265035022
35266035172
35267035101
35268035062
35269035102
35270035074
35271035065
35272035172
35272535023
35273035073
35274035091
35275035062
35276035132
35277035023
35278035093
35279035092
35280035062
35281035157
35282035154
35283035157
35284035163
35285035012
35286035061
35287035114
35288035092
35288535151
35289035091
35290035093
35291035153
35292035112
35293035033
35294035015
35295035156
35296035154
35296535153
35297035083
35298035064
35299035121
35300035154
35301035022
35302035115
35303035155
35304035155
35305035143
35306035011
35307035141
35308035141
35309035103
35310035157
35311035041
35312035074
35313035131
35314035156
35315035052
35316035111
35317035171
35318035072
35319035082
35320035072
35320535031
35321035022
35321535113
35322035112
35323035174
35324035071
35325035155
35326035157
35327035156
35328035155
35328235162
35328435152
35328635021
35329035032
35330035155
35331035111
35332035022
35332535151
35333035021
35334035072
35335035151
35336035082
35337035093
35338035094
35339035051
35340035155
35341035093
35342035155
35343035082
35344035014
35345035093
35346035091
35347035094
35347535154
35348035111
35349035091
35350035155
35351035151
35352035153
35353035092
35354035111
35355035092
35356035171
35357035151
35358035061
35359035153
35360035095
35361035063
35362035121
35362535157
35363035081
35364035111
35365035072
35365735062
35366035155
35367035062
35368035071
35369035154
35370035081
35371035072
35371535092
35372035121
35373035023
35374035022
35375035063
35376035041
35377035023
35378035163
35379035163
35380035174
35381035151
35382035071
35383035114
35385035172
35386035071
35387035103
35388035061
35389035062
35390035151
35391035014
35392035112
35393035101
35394035062
35395035131
35396035156
35397035092
35398035011
35399035156
35400035093
35401035065
35402035131
35402535153
35403035157
35404035154
35405035063
35406035163
35407035034
35407535172
35408035155
35408535091
35409035131
35410035041
35410535063
35411035062
35412035112
35413035114
35414035112
35415035114
35416035065
35416535161
35417035113
35418035095
35419035172
35420035093
35421035103
35422035113
35423035174
35424035112
35425035062
35426035121
35427035081
35428035162
35429035034
35430035162
35431035081
35432035094
35432335112
35432535161
35433035015
35434035132
35435035162
35436035081
35437035031
35438035095
35439035104
35440035103
35441035015
35442035157
35442535115
35443035172
35444035021
35445035152
35446035065
35447035091
35448035151
35449035082
35450035011
35451035091
35451535103
35452035163
35453035163
35454035094
35455035112
35456035151
35457035153
35458035072
35460035171
35461035152
35462035101
35462535133
35463035142
35464035094
35465035033
35466035152
35467035104
35468035011
35469035031
35470035103
35471035111
35472035153
35473035014
35474035152
35475035132
35476035132
35476535153
35477035112
35478035015
35479035133
35480035072
35480535021
35481035142
35482035174
35483035112
35484035023
35485035041
35486035174
35487035015
35488035015
35489035034
35490035153
35491035142
35492035154
35492535154
35493035111
35494035082
35495035081
35496035172
35497035143
35498035155
35499035171
35499535013
35500035174
35501035063
35502035161
35503035016
35504035103
35505035094
35506035163
35507035173
35508035143
35509035132
35510035041
35511035161
35512035061
35513035157
35514035132
35515035132
35516035074
35517035131
35518035121
35519035051
35520035172
35521035071
35522035163
35523035022
35524035072
35525035011
35525535022
35526035151
35527035032
35528035013
35529035112
35530035061
35531035052
35532035052
35533035142
35534035155
35535035163
35536035143
35536535052
35537035033
35538035061
35538535162
35539035112
35539535092
35540035161
35541035174
35542035061
35543035115
35544035052
35545035163
35546035094
35546535063
35547035064
35547535031
35548035174
35549035152
35549535071
35550035095
35551035111
35552035023
35553035154
35553535156
35554035173
35555035093
35556035155
35557035156
35558035153
35559035065
35560035151
35561035157
35562035072
35563035021
35563535071
35564035142
35564535013
35565035073
35566035093
35567035072
35568035052
35569035052
35569535153
35570035163
35571035157
35571535156
35572035094
35573035141
41000041000
41001041018
41002041002
41003041002
41004041002
41004541011
41005041012
41006041014
41007041012
41008041017
41009041014
41010041008
41010541010
41011041018
41011541015
41012041001
41013041006
41014041016
41015041016
41016041003
41016541022
41017041011
41018041002
41018541022
41019041017
41020041020
41021041015
41022041015
41023041002
41024041018
41025041011
41026041008
41027041019
41027541008
41028041017
41029041006
41030041011
41030241008
41030441005
41030541010
41031041002
41031541008
41032041016
41032241007
41033041016
41033541010
41033741012
41034041017
41034541010
41034741012
41035041016
41036041019
41037041017
41038041016
41039041011
41039541005
41040041002
41040541010
41041041002
41042041002
41042541002
41043041011
41044041022
41044241005
41044541005
41045041008
41046041010
41046541003
41047041019
41048041010
41049041003
41050041010
41051041017
41052041002
41053041010
41054041007
41055041013
41056041013
41057041007
41058041002
41059041015
41060041018
41061041019
41062041002
41063041010
41064041018
41064541007
41065041007
41065541011
41065741008
41066041012
41067041014
41068041006
41068541022
41069041002
41070041021
41071041014
41071241010
41071541020
41072041008
41072541012
41073041015
41074041008
41075041011
41075241012
41075341020
41075441010
41075541011
41076041016
41076541002
41077041011
41077341004
41077541019
41078041015
41078541008
41079041015
41080041017
41081041015
41082041010
41083041009
41083241012
41084041008
41084541005
41085041006
41085541022
41086041011
41086541005
41087041016
41088041020
41089041014
41089541004
41090041019
41091041013
41092041017
41093041010
41094041005
41095041001
41096041001
41096541007
41097041019
41097541010
41098041017
41099041012
41100041015
41100541010
41100741021
41101041004
41102041004
41103041014
41104041013
41105041003
41106041012
41106541010
41107041004
41108041011
41109041015
41109541009
41110041018
41111041015
41112041007
41112541002
41113041014
41114041003
41115041022
41115541012
41116041015
41117041019
41118041019
41119041017
41120041003
41121041016
41122041011
41123041019
41124041013
41125041022
41126041014
41127041017
41127541010
41128041019
41129041019
41129541011
41130041013
41131041016
41132041002
41132541005
41133041005
41134041018
41134241022
41134541010
41135041014
41136041015
41137041017
41137341011
41137541022
41138041017
41139041004
41140041011
41141041015
41142041015
41143041002
41143541008
41144041007
41145041022
41146041020
41147041012
41148041015
41149041016
41150041014
41151041012
41152041015
41153041007
41153541020
41154041008
41154541005
41155041016
41156041009
41157041001
41157341022
41157541016
41158041009
41158541020
41159041014
41160041017
41160541009
41161041011
41162041001
41163041015
41164041015
41165041014
41166041018
41167041010
41168041011
41169041015
41169541008
41170041018
41170541005
41171041014
41172041012
41172141018
41172241020
41172541008
41172741022
41172941016
41173041021
41174041015
41174541020
41175041015
41176041007
41177041003
41178041005
41179041020
41180041014
41181041015
41182041001
41183041014
41184041014
41184541020
41185041007
41186041006
41187041006
41188041011
41188541012
41189041012
41190041008
41191041002
41191541002
41192041019
41192541008
41193041005
41194041003
41195041002
41196041005
41196541017
41197041014
41198041008
41199041003
41199541001
41200041017
41201041003
41201541005
41202041014
41203041006
41203341017
41203541008
41204041015
41205041017
41206041005
41206541011
41207041019
41208041002
41208541020
41209041010
41210041014
41211041011
41212041002
41212541009
41213041018
41213541011
41214041008
41215041004
41216041008
41217041021
41217541005
41218041019
41219041018
41220041004
41221041016
41221541005
41221741022
41222041002
41223041002
41224041017
41225041011
41226041013
41226541022
41227041016
41228041008
41229041019
41230041008
41231041018
41232041018
41233041014
41234041015
41235041020
41236041015
41237041014
41238041008
41238241010
41238541022
41239041018
41239541014
41240041019
41240241010
41240541009
41241041019
41242041014
41243041018
41244041008
41245041015
41246041014
41247041018
41248041007
41249041014
41250041022
41251041003
41252041008
41253041015
41253541012
41254041019
41254541020
41255041002
41255541013
41256041006
41257041009
41257541020
41258041016
41259041014
41260041018
41261041013
41262041018
41262541015
41262741007
41263041003
41263541009
41264041018
41265041017
41266041019
41266541007
41266741017
41267041014
41268041013
41269041012
41270041004
41271041021
41272041011
41273041014
41274041020
41275041021
41276041002
41277041020
41278041019
41278541010
41278841002
41279041013
41279541020
41279641005
41280041011
41281041012
41282041006
41283041015
41284041018
41285041019
41285341021
41285541010
41286041008
41286241012
41286341002
41286541005
41287041007
41288041012
42000042000
42000542008
42001042003
42002042004
42003042004
42004042008
42005042002
42005542002
42006042007
42007042007
42007542010
42008042001
42009042007
42010042013
42011042007
42012042007
42012542006
42012742010
42013042011
42014042014
42015042016
42016042009
42016542002
42017042006
42018042004
42019042004
42019542014
42020042005
42020542011
42020742014
42020842001
42020942001
42021042011
42021342012
42021542001
42022042006
42023042007
42024042006
42024342013
42024542005
42025042013
42025342003
42025742001
42026042013
42027042006
42028042016
42028542004
42028742008
42029042006
42030042009
42031042002
42031542009
42032042005
42032542013
42033042012
42034042013
42035042003
42036042008
42037042007
42038042012
42039042008
42039542016
42040042008
42041042002
42041542008
42041742013
42041942004
42042042002
42042542015
42043042010
42043542002
42044042002
42044542003
42045042011
42045542013
42046042015
42047042002
42047542002
42048042009
42049042001
42050042001
42051042004
42051542006
42051742003
42051942014
42052042008
42053042003
42053542001
42054042007
42054342002
42054542015
42055042009
42055542009
42056042003
42057042007
42058042011
42059042006
42060042007
42061042016
42062042016
42063042006
42064042001
42065042011
42066042001
42066542002
42067042008
42067542009
42068042008
42069042004
42070042015
42071042005
42072042016
42073042016
42074042004
42075042006
42075742009
42076042010
42076542001
42076842003
42077042010
42077542001
42078042010
42078542002
42079042012
42080042010
42081042012
42082042005
42083042005
42084042001
42084542011
42085042004
42086042008
42087042014
42088042016
42089042011
42089542002
42090042008
42091042011
42091542004
42091742003
42092042008
42093042013
42094042016
42094542003
42095042004
42096042015
42097042009
42098042007
42098542010
42099042004
42100042005
42100342008
42100542009
42101042012
42102042007
42103042012
42104042014
42105042001
42105542003
42106042011
42107042009
42108042014
42108542004
42109042001
42110042001
42110542008
42111042012
42112042015
42112542014
42113042005
42114042002
42114542002
42115042007
42116042015
42116542003
42117042015
42117542013
42118042008
42118542003
42118742002
42118942013
42119042007
42120042001
42120542013
42121042002
42122042012
42122342001
42122542014
42122742003
42123042007
42124042016
42125042005
42126042010
42126542016
42127042004
42128042005
42129042002
42130042009
42131042010
42131542002
42132042006
42133042013
42133542009
42134042003
42135042005
42136042012
42137042004
42138042014
42139042010
42140042004
42141042004
42141542001
42142042002
42143042007
42144042009
42145042004
42146042004
42147042006
42148042004
42149042016
42150042012
42150542013
42150742002
42151042006
42152042001
42153042004
42153542001
42154042009
42154542016
42155042009
42155542001
42156042016
42156542014
42156742004
42156842001
42156942002
42157042007
42157542003
42158042012
42159042007
42160042002
42160542009
42161042003
42162042011
42162542001
42163042007
42163542011
42164042014
42165042013
42166042007
42167042001
42168042013
42169042003
42170042016
42171042016
42171542001
42172042001
42172542007
42173042001
42174042011
42175042010
42175542002
42176042015
42177042014
42177542002
42178042004
42179042009
42179542001
42180042007
42181042014
42182042006
42182542009
42183042012
42183542015
42184042016
42185042008
42186042004
42187042016
42187542001
42188042014
42188542002
42189042013
42189542013
42190042015
42191042003
42191542008
42191742008
42192042004
42193042009
42193542004
42194042004
42195042003
42196042010
42197042003
42198542008
42200042015
43000043000
43000343022
43000543018
43001043001
43002043013
43003043014
43004043003
43004543014
43004743017
43005043015
43005543019
43005743026
43006043010
43006343021
43006443015
43006643018
43007043029
43008043026
43008543009
43008743007
43009043016
43010043029
43010543004
43010743021
43011043009
43012043027
43013043021
43014043019
43015043013
43015543016
43016043022
43016343005
43016543008
43017043016
43017543009
43018043018
43018543015
43018743003
43019043009
43019243016
43019543020
43020043019
43020543016
43021043025
43021543020
43022043014
43022243012
43022343012
43022543025
43023043024
43023543026
43023743015
43024043030
43024543029
43025043011
43025843013
43026043020
43026543008
43027043009
43028043027
43029043002
43030043027
43031043010
43032043018
43033043011
43034043015
43035043009
43035543017
43036043006
43036743024
43037043014
43038043016
43039043007
43040043013
43041043019
43042043028
43043043014
43043543022
43044043023
43045043021
43046043008
43046143029
43046243018
43046343004
43046543002
43046643021
43046743005
43046843008
43046943029
43047043017
43047143005
43048043025
43048543016
43049043017
43049543018
43050043013
43051043023
43051143016
43051243021
43051343027
43051543020
43051743009
43052043011
43053043020
43053543009
43053743016
43054043013
43054343021
43054443009
43054543005
43055043017
43055843030
43056043012
43057043013
43058043020
43058343029
43058543017
43058743013
43059043020
43059343025
43059543025
43059743017
43060043013
43060543021
43060743015
43061043012
43061343016
43062043029
43063043017
43063243015
43063543011
43063743001
43064043007
43064243020
43064543029
43065043009
43065543004
43066043022
43067043001
43067343014
43067543029
43067643009
43068043029
43069043027
43069243020
43069343011
43069543016
43069743016
43070043016
43070543017
43071043021
43072043016
43073043015
43074043024
43074543015
43075043019
43075543016
43076043007
43077043008
43078043030
43078143027
43078343011
43078643025
43079043026
43080043001
43080543016
43080743030
43081043026
43082043026
43082543016
43083043019
43084043001
43084343029
43084543012
43085043015
43086043025
43086543011
43087043016
43088043009
43088543017
43089043016
43090043014
43090543010
43091043023
43091243020
43091543028
43092043010
43092543025
43093043009
43094043025
43095043011
43095543008
43095743028
43096043014
43096543022
43097043013
43097543027
43098043018
43099043018
43099543019
43100043012
43101043006
43102043013
43103043029
43103343005
43103643030
43104043014
43104143013
43104343026
43104643016
43105043015
43105343001
43105543002
43105743019
43106043003
43106543004
43107043016
43107543001
43108043007
43108543020
43108743012
43109043016
43110043021
43111043002
43111243024
43111343002
43111543013
43112043001
43112343027
43112543019
43112743017
43113043018
43114043029
43114243020
43115043022
43116043015
43116243007
43116443023
43117043018
43117143003
43117343004
43117543003
43117743004
43117943008
43118043017
43119043016
43119843009
43120043016
43120543029
43121043002
43121343017
43121543028
43121743011
43122043018
43122543009
43123043020
43123543017
43123743024
43123843025
43124043008
43124243019
43124443004
43124543021
43124743007
43125043005
43126043029
43126143024
43126243017
43126543017
43126743017
43127043016
43127543017
43128043025
43129043025
43129543020
43130043029
43130143014
43130343002
43130643007
43130843026
43131043001
43132043023
43133043025
43133343013
43133543026
43133743008
43133943027
43134043007
43134243014
43134443015
43134643020
43134943020
43135043005
43136043018
43136543005
43137043020
43138043015
43139043013
43139543028
43140043025
43140243001
43140343008
43140543006
43140643027
43140743028
43141043017
43141343016
43141543030
43141743021
43142043021
43143043013
43144043021
43144243023
43144543015
43144643024
43144743001
43144943015
43145043021
43145343025
43145443025
43145543011
43146043021
43147043015
43147543030
43147743017
43147843016
43148043007
43149043010
43150043014
43150543014
43150743014
43151043011
43151343029
43151443007
43151543029
43151743025
43152043029
43153043003
43153143016
43153243001
43153543012
43154043020
43154543029
43155043001
43155543016
43156043021
43157043028
43157543006
43158043029
43159043015
43159543011
43160043006
43161043020
43162043020
43163043011
43164043003
43164243020
43164343012
43164543012
43164743011
43165043008
43166043018
43167043012
43167343018
43167543029
43168043028
43169043001
43169543007
43169743003
43170043021
43171043003
43172043014
43172543025
43173043021
43174043002
43175043011
43175543017
43176043005
43177043011
43177543017
43178043013
43179043014
43179543018
43180043011
43180543017
43181043002
43182043006
43183043003
43184043009
43184243018
43184343001
43184443025
43184543020
43184643029
43184843007
43184943014
43185043021
43186043018
43186143008
43186243024
43187043007
43188043021
43189043011
43190043026
43191043013
43191243001
43191543011
43192043011
43193043014
43193543008
43193643020
43193743011
43194043001
43195043008
43196043001
43197043016
43197143029
43197343013
43197543026
43198043002
43199043007
43200043008
43201043020
43202043015
43202343013
43202643027
43203043012
43203243014
43203543009
43204043017
43204543029
43205043017
43205543009
43205743011
43206043016
43206543001
43206743028
43207043027
43208043019
43208543008
43209043018
43210043019
43211043009
43212043006
43213043030
43213243015
43213543005
43214043015
43214343004
43214543030
43214643019
43214743015
43214943001
43215043004
43216043005
43216243029
43216343016
43216643004
43217043006
43218043014
43218343004
43218543020
43219043015
43219543020
43220043008
43221043014
43221543019
43221843018
43222043012
43222543008
43223043014
43223243021
43223443011
43223543025
43223743002
43224043003
43225043024
43225243028
43225343028
43225443026
43225543017
43226043028
43227043028
43228043025
43228543029
43229043016
43230043010
43231043015
43232043017
43233043025
43233543018
43234043017
43234543001
43235043015
43236043025
43237043015
43237543011
43237743030
43238043004
50000050000
50002050004
50002550001
50006050003
50007050001
50008050003
50008550003
50009050003
50010050004
50011050001
50012450003
50015050001
50019050004
50020050003
50021050001
50021550001
50022050001
50023050004
50024050003
50026050001
50027050001
50028050001
50029050004
50029550001
50031050001
50031550003
50032050002
50032550001
50033050001
50034550003
50034850001
50035050003
50037050003
50037550003
50038050003
50039050001
50040050003
50041050001
50043050003
50044050004
50045050003
50046050003
50047050003
50048050003
50049050001
50050050001
50051050003
50051550003
50052050002
50052550003
50054050001
50056050001
50056850003
50057050003
50058050001
50060050001
50062050003
50062550003
50062750001
50063050004
50063550003
50064050001
50066050003
50069050001
50071050001
50072050003
50073050001
50074050001
50075050001
50075550004
50076950001
50077050003
50078050004
50079050001
50079350001
50079550003
50079750003
50080050001
50083050004
50084050003
51000051000
51001051002
51002051006
51002551001
51003051013
51003551009
51004051013
51005051004
51006051013
51008051001
51010051005
51012051013
51012551011
51013051007
51014051008
51016051002
51017051007
51018051005
51018551006
51019051008
51025051011
51026051005
51026351007
51026751013
51026851012
51026951003
51027051006
51027951001
51028551008
51030051002
51030551014
51031051006
51032051010
51032551008
51033051012
51033551003
51033651012
51033751008
51034051002
51034351011
51034551007
51035051004
51036051013
51037051014
51038051012
51038551006
51039051005
51039551011
51041051015
51042051013
51045051011
51045251014
51045451014
51045551010
51046051013
51048051013
51049051002
51050051012
51051051016
51051551008
51051751008
51052051013
51052351011
51052551014
51053051009
51055051012
51055851010
51056051015
51056251011
51059051004
51060051004
51061051002
51061551001
51061751006
51061851012
51061951010
51062051002
51062151010
51062251014
51062351007
51062451014
51062551005
51062651015
51062751016
51062851005
51062951001
51063051013
51063151009
51063751013
51064251015
51064551002
51065051002
51066551005
51067051005
51067551012
51067751003
51068051016
51068251011
51068551007
51070051013
51070451013
51070651006
51071051011
51071551011
51071851006
51071951005
51072051011
51072451014
51072651007
51072951013
51073051004
51073551003
51074051013
51075751012
51076051013
51077051004
51077451003
51077551011
51077651014
51077751003
51077951013
51078051002
51078551009
51078751007
51078851009
51079051014
51079251014
51079451016
51079551007
51080051014
51080551015
51081051013
51082051005
51083051014
51083551012
51084051002
51085051014
51086051003
51088051010
51088551007
51089051004
51089551001
52000052000
52000552001
52001052011
52001352015
52001552010
52001752003
52002052017
52002552004
52003052011
52004052980
52005052017
52005552014
52006052003
52007052980
52008052007
52008252014
52008552012
52009052009
52010052980
52011052011
52012052005
52013052001
52014052002
52014552015
52015052016
52016052001
52017052009
52018052002
52019052980
52020052980
52021052980
52021552012
52022052980
52023052980
52023552009
52024052980
52025052012
52025552980
52026052010
52027052980
52028052001
52029052980
52030052980
52031052009
52032052018
52033052002
52034052009
52035052017
52035552002
52035752008
52036052001
52037052980
52038052012
52039052017
52039352010
52039652007
52040052003
52041052015
52042052010
52042552017
52043052015
52044052016
52045052005
52045552002
52046052001
52046552008
52047052014
52048052005
52048552011
52049052006
52049552013
52050052013
52050552015
52051052005
52052052001
52053052006
52054052013
52054552002
52054752016
52054952004
52055052980
52055152011
52055252014
52056052980
52057052010
52058052011
52059052005
52060052980
52061052980
52062052004
52063052002
52064052013
52065052002
52066052005
52067052007
52068052001
52069052005
52070052980
52071052009
52072052980
52072552016
52073052980
52073552002
52074052002
52075052008
52075352012
52075552980
52076052009
52076552980
52077052980
52078052010
52079052003
52080052003
52081052008
52081552011
52082052980
52083052006
52084052011
52085052005
52086052018
52087052001
52088052001
52089052012
52090052980
52091052017
52091552017
52092052001
52092952012
52093052980
52094052007
52094552013
52095052980
52096052012
52097052002
52098052014
52099052007
52099352017
52099552002
52100052001
52101052005
52101552013
52102052009
52103052009
52104052012
52105052980
52105652001
52106052018
52107052980
52108052015
52109052013
52110052012
52111052980
52112052012
52113052015
52114052001
52115052017
52116052009
52117052002
52118052018
52119052016
52120052009
52120552001
52121052017
52122052012
52122552015
52123052002
52124052980
52125052004
52126052002
52127052007
52128052014
52129052005
52129552012
52130052015
52130552018
52130852008
52131052016
52132052980
52133052980
52134052009
52135052006
52136052980
52137052009
52137552015
52137752008
52138052017
52138552013
52139052012
52140052012
52140552008
52141052008
52142052980
52143052980
52144052001
52145052001
52146052014
52147052013
52148052005
52148352012
52148652013
52148752014
52148852980
52149052007
52150052001
52151052980
52152052009
52152352004
52152552008
52153052002
52154052001
52155052005
52156052018
52156552009
52157052010
52157552980
52158052005
52159052010
52160052017
52161052980
52162052980
52163052015
52164052010
52164552016
52165052980
52166052980
52167052980
52168052001
52169052013
52170052980
52171052002
52172052009
52173052011
52174052005
52175052980
52176052003
52177052002
52178052980
52179052980
52180052008
52180552015
52181052016
52182052980
52183052007
52183952002
52184052980
52185052015
52186052013
52187052013
52187552980
52187852005
52188052015
52189052013
52190052010
52191052001
52192052005
52192552012
52193052015
52193552013
52194052016
52194552018
52195052001
52196052008
52197052013
52197152015
52197352001
52197552004
52198052007
52199052001
52200052003
52200552010
52201052010
52201552013
52202052008
52202652002
52202852013
52203052980
52204052015
52204552002
52205052016
52206052002
52206552980
52206852007
52207052007
52208052980
52209052980
52210052001
52210852006
52211052980
52211952011
52212052980
52213052005
52214052001
52214552008
52215052010
52215552015
52215752013
52216052014
52217052013
52218052005
52218552004
52219052002
52220052002
52220552002
52220852980
52221052980
52222052003
52223052018
53001053001
